PMT0low PMT0hig PMT1low PMT1hig PMT2low PMT2hig SPMTlow SPMThig SSDlow  SSDhig
247.000000      231.000000      272.000000      246.000000      268.000000      241.000000      263.000000      245.000000      274.000000      237.000000
247.000000      231.000000      272.000000      246.000000      268.000000      241.000000      263.000000      245.000000      274.000000      237.000000
247.000000      231.000000      272.000000      246.000000      268.000000      242.000000      263.000000      245.000000      274.000000      237.000000
248.000000      231.000000      272.000000      246.000000      268.000000      242.000000      263.000000      246.000000      274.000000      237.000000
247.000000      231.000000      272.000000      246.000000      268.000000      242.000000      263.000000      245.000000      274.000000      237.000000
248.000000      231.000000      272.000000      246.000000      269.000000      242.000000      263.000000      245.000000      274.000000      237.000000
247.000000      231.000000      272.000000      247.000000      268.000000      242.000000      263.000000      245.000000      274.000000      238.000000
247.000000      231.000000      271.000000      246.000000      268.000000      242.000000      263.000000      245.000000      274.000000      237.000000
248.000000      232.000000      272.000000      247.000000      268.000000      243.000000      263.000000      245.000000      274.000000      238.000000
248.000000      231.000000      272.000000      246.000000      268.000000      241.000000      263.000000      245.000000      274.000000      237.000000
247.000000      231.000000      272.000000      247.000000      268.000000      242.000000      263.000000      245.000000      274.000000      237.000000
247.000000      231.000000      272.000000      246.000000      268.000000      242.000000      263.000000      245.000000      274.000000      237.000000
247.000000      231.000000      272.000000      246.000000      268.000000      242.000000      263.000000      245.000000      274.000000      237.000000
247.000000      231.000000      272.000000      246.000000      268.000000      242.000000      263.000000      245.000000      274.000000      238.000000
247.000000      231.000000      272.000000      246.000000      268.000000      242.000000      263.000000      245.000000      274.000000      237.000000
247.000000      231.000000      272.000000      246.000000      268.000000      242.000000      263.000000      245.000000      274.000000      237.000000
247.000000      231.000000      272.000000      247.000000      268.000000      242.000000      263.000000      245.000000      274.000000      238.000000
248.000000      231.000000      272.000000      246.000000      268.000000      242.000000      263.000000      245.000000      274.000000      237.000000
247.000000      231.000000      272.000000      246.000000      268.000000      242.000000      263.000000      245.000000      274.000000      237.000000
247.000000      230.000000      271.000000      246.000000      268.000000      241.000000      263.000000      245.000000      274.000000      237.000000
247.000000      232.000000      272.000000      247.000000      268.000000      242.000000      263.000000      245.000000      274.000000      237.000000
247.000000      231.000000      272.000000      246.000000      268.000000      242.000000      263.000000      245.000000      274.000000      237.000000
247.000000      231.000000      272.000000      246.000000      268.000000      242.000000      263.000000      245.000000      274.000000      237.000000
247.000000      232.000000      272.000000      246.000000      268.000000      242.000000      263.000000      245.000000      274.000000      238.000000
247.000000      231.000000      272.000000      247.000000      268.000000      242.000000      263.000000      245.000000      274.000000      237.000000
247.000000      231.000000      272.000000      246.000000      268.000000      242.000000      263.000000      245.000000      274.000000      237.000000
247.000000      233.000000      272.000000      248.000000      268.000000      244.000000      263.000000      245.000000      274.000000      238.000000
247.000000      232.000000      272.000000      247.000000      269.000000      243.000000      263.000000      245.000000      274.000000      238.000000
247.000000      232.000000      272.000000      247.000000      268.000000      242.000000      263.000000      245.000000      274.000000      238.000000
247.000000      231.000000      272.000000      246.000000      268.000000      241.000000      263.000000      245.000000      274.000000      237.000000
247.000000      231.000000      272.000000      247.000000      268.000000      242.000000      263.000000      245.000000      274.000000      238.000000
247.000000      231.000000      272.000000      246.000000      268.000000      242.000000      263.000000      245.000000      274.000000      237.000000
248.000000      231.000000      272.000000      246.000000      268.000000      242.000000      263.000000      245.000000      274.000000      237.000000
247.000000      231.000000      272.000000      246.000000      268.000000      242.000000      263.000000      245.000000      274.000000      237.000000
248.000000      231.000000      272.000000      246.000000      268.000000      242.000000      263.000000      245.000000      274.000000      237.000000
248.000000      231.000000      272.000000      246.000000      268.000000      242.000000      263.000000      245.000000      274.000000      237.000000
248.000000      232.000000      272.000000      247.000000      268.000000      243.000000      263.000000      245.000000      274.000000      238.000000
248.000000      231.000000      272.000000      246.000000      268.000000      242.000000      263.000000      245.000000      274.000000      237.000000
247.000000      231.000000      272.000000      246.000000      268.000000      242.000000      263.000000      245.000000      274.000000      237.000000
247.000000      231.000000      272.000000      246.000000      268.000000      242.000000      263.000000      245.000000      274.000000      237.000000
247.000000      231.000000      272.000000      246.000000      268.000000      242.000000      263.000000      245.000000      274.000000      237.000000
247.000000      231.000000      272.000000      246.000000      268.000000      242.000000      263.000000      245.000000      274.000000      237.000000
247.000000      232.000000      272.000000      247.000000      268.000000      242.000000      263.000000      245.000000      274.000000      238.000000
247.000000      232.000000      272.000000      246.000000      268.000000      242.000000      263.000000      245.000000      274.000000      238.000000
247.000000      231.000000      272.000000      246.000000      268.000000      242.000000      263.000000      245.000000      274.000000      237.000000
248.000000      231.000000      272.000000      247.000000      268.000000      242.000000      263.000000      245.000000      274.000000      237.000000
248.000000      230.000000      272.000000      246.000000      269.000000      241.000000      263.000000      245.000000      274.000000      237.000000
248.000000      231.000000      272.000000      246.000000      268.000000      242.000000      263.000000      245.000000      274.000000      237.000000
247.000000      230.000000      272.000000      246.000000      268.000000      242.000000      263.000000      245.000000      274.000000      237.000000
248.000000      231.000000      272.000000      246.000000      268.000000      242.000000      263.000000      245.000000      274.000000      237.000000
248.000000      230.000000      272.000000      245.000000      269.000000      241.000000      263.000000      245.000000      274.000000      237.000000
248.000000      231.000000      272.000000      246.000000      269.000000      242.000000      263.000000      245.000000      274.000000      237.000000
248.000000      230.000000      272.000000      245.000000      268.000000      241.000000      263.000000      245.000000      274.000000      236.000000
247.000000      231.000000      272.000000      246.000000      268.000000      241.000000      263.000000      245.000000      274.000000      237.000000
247.000000      231.000000      272.000000      246.000000      268.000000      242.000000      263.000000      245.000000      274.000000      237.000000
247.000000      231.000000      272.000000      245.000000      268.000000      241.000000      263.000000      245.000000      274.000000      237.000000
248.000000      232.000000      272.000000      247.000000      269.000000      243.000000      263.000000      245.000000      274.000000      238.000000
247.000000      231.000000      272.000000      246.000000      268.000000      242.000000      263.000000      245.000000      274.000000      237.000000
247.000000      231.000000      272.000000      246.000000      268.000000      242.000000      263.000000      245.000000      274.000000      237.000000
248.000000      232.000000      272.000000      247.000000      268.000000      243.000000      263.000000      245.000000      274.000000      238.000000
247.000000      231.000000      272.000000      246.000000      268.000000      242.000000      263.000000      245.000000      274.000000      237.000000
247.000000      231.000000      272.000000      246.000000      268.000000      242.000000      263.000000      245.000000      274.000000      237.000000
247.000000      231.000000      272.000000      246.000000      268.000000      242.000000      263.000000      245.000000      274.000000      237.000000
248.000000      232.000000      272.000000      246.000000      268.000000      242.000000      263.000000      245.000000      274.000000      237.000000
248.000000      230.000000      272.000000      245.000000      268.000000      241.000000      263.000000      245.000000      274.000000      237.000000
247.000000      232.000000      272.000000      247.000000      268.000000      242.000000      263.000000      245.000000      274.000000      238.000000
247.000000      231.000000      272.000000      246.000000      268.000000      242.000000      263.000000      245.000000      274.000000      237.000000
247.000000      231.000000      272.000000      246.000000      268.000000      241.000000      263.000000      245.000000      274.000000      237.000000
248.000000      231.000000      272.000000      247.000000      268.000000      242.000000      263.000000      245.000000      274.000000      238.000000
248.000000      232.000000      272.000000      247.000000      269.000000      242.000000      263.000000      245.000000      274.000000      238.000000
247.000000      231.000000      272.000000      246.000000      268.000000      242.000000      263.000000      245.000000      274.000000      237.000000
248.000000      231.000000      272.000000      246.000000      268.000000      241.000000      263.000000      245.000000      274.000000      237.000000
247.000000      232.000000      272.000000      247.000000      268.000000      243.000000      263.000000      245.000000      274.000000      238.000000
247.000000      231.000000      272.000000      246.000000      268.000000      241.000000      263.000000      245.000000      274.000000      237.000000
247.000000      231.000000      272.000000      246.000000      268.000000      242.000000      263.000000      245.000000      274.000000      237.000000
248.000000      231.000000      272.000000      246.000000      268.000000      242.000000      263.000000      245.000000      274.000000      237.000000
247.000000      231.000000      272.000000      246.000000      268.000000      242.000000      263.000000      245.000000      274.000000      237.000000
247.000000      232.000000      272.000000      247.000000      268.000000      242.000000      263.000000      245.000000      274.000000      238.000000
247.000000      231.000000      272.000000      246.000000      268.000000      242.000000      263.000000      245.000000      274.000000      237.000000
248.000000      231.000000      272.000000      246.000000      268.000000      241.000000      263.000000      245.000000      274.000000      237.000000
247.000000      232.000000      272.000000      247.000000      268.000000      242.000000      263.000000      245.000000      274.000000      238.000000
248.000000      232.000000      272.000000      247.000000      268.000000      242.000000      263.000000      245.000000      274.000000      238.000000
247.000000      231.000000      272.000000      247.000000      268.000000      242.000000      263.000000      245.000000      274.000000      237.000000
247.000000      230.000000      272.000000      246.000000      268.000000      241.000000      263.000000      245.000000      274.000000      237.000000
247.000000      231.000000      272.000000      246.000000      268.000000      242.000000      263.000000      245.000000      274.000000      237.000000
247.000000      231.000000      272.000000      246.000000      268.000000      242.000000      263.000000      246.000000      274.000000      237.000000
247.000000      232.000000      272.000000      246.000000      268.000000      242.000000      263.000000      245.000000      274.000000      237.000000
247.000000      231.000000      272.000000      246.000000      268.000000      241.000000      263.000000      245.000000      274.000000      237.000000
247.000000      231.000000      272.000000      246.000000      268.000000      241.000000      263.000000      245.000000      274.000000      237.000000
248.000000      231.000000      272.000000      246.000000      268.000000      242.000000      263.000000      245.000000      274.000000      237.000000
247.000000      232.000000      272.000000      247.000000      268.000000      243.000000      263.000000      245.000000      274.000000      238.000000
248.000000      231.000000      272.000000      246.000000      268.000000      241.000000      263.000000      245.000000      274.000000      237.000000
247.000000      230.000000      272.000000      246.000000      268.000000      241.000000      263.000000      245.000000      274.000000      237.000000
248.000000      231.000000      272.000000      246.000000      268.000000      242.000000      263.000000      245.000000      274.000000      237.000000
247.000000      232.000000      272.000000      246.000000      268.000000      242.000000      263.000000      245.000000      274.000000      238.000000
247.000000      231.000000      272.000000      246.000000      268.000000      242.000000      263.000000      245.000000      274.000000      237.000000
247.000000      231.000000      272.000000      246.000000      268.000000      242.000000      263.000000      245.000000      274.000000      237.000000
247.000000      231.000000      272.000000      246.000000      268.000000      242.000000      263.000000      245.000000      274.000000      237.000000
247.000000      231.000000      272.000000      246.000000      268.000000      242.000000      263.000000      245.000000      274.000000      238.000000
248.000000      232.000000      272.000000      247.000000      268.000000      242.000000      263.000000      245.000000      274.000000      238.000000
247.000000      231.000000      272.000000      247.000000      268.000000      242.000000      263.000000      245.000000      274.000000      237.000000
247.000000      231.000000      272.000000      246.000000      268.000000      241.000000      263.000000      245.000000      274.000000      237.000000
247.000000      231.000000      272.000000      246.000000      268.000000      241.000000      263.000000      245.000000      274.000000      237.000000
247.000000      231.000000      272.000000      246.000000      268.000000      242.000000      263.000000      245.000000      274.000000      237.000000
247.000000      232.000000      272.000000      247.000000      268.000000      242.000000      263.000000      245.000000      274.000000      237.000000
248.000000      231.000000      272.000000      247.000000      269.000000      242.000000      263.000000      245.000000      274.000000      238.000000
247.000000      231.000000      272.000000      246.000000      269.000000      242.000000      263.000000      245.000000      274.000000      237.000000
247.000000      231.000000      272.000000      246.000000      268.000000      242.000000      263.000000      245.000000      274.000000      237.000000
247.000000      231.000000      272.000000      246.000000      268.000000      242.000000      263.000000      245.000000      274.000000      237.000000
247.000000      232.000000      272.000000      247.000000      268.000000      243.000000      263.000000      245.000000      274.000000      238.000000
247.000000      231.000000      272.000000      246.000000      268.000000      242.000000      263.000000      245.000000      274.000000      237.000000
247.000000      231.000000      272.000000      246.000000      268.000000      242.000000      263.000000      245.000000      274.000000      237.000000
247.000000      232.000000      272.000000      247.000000      268.000000      243.000000      263.000000      245.000000      274.000000      238.000000
247.000000      231.000000      272.000000      246.000000      268.000000      242.000000      263.000000      245.000000      274.000000      237.000000
247.000000      232.000000      272.000000      247.000000      268.000000      243.000000      263.000000      245.000000      274.000000      238.000000
247.000000      231.000000      272.000000      246.000000      268.000000      242.000000      263.000000      245.000000      274.000000      237.000000
247.000000      231.000000      272.000000      246.000000      268.000000      242.000000      263.000000      245.000000      274.000000      237.000000
247.000000      232.000000      272.000000      247.000000      268.000000      242.000000      263.000000      245.000000      274.000000      238.000000
247.000000      231.000000      272.000000      246.000000      268.000000      242.000000      263.000000      245.000000      274.000000      237.000000
247.000000      231.000000      272.000000      246.000000      268.000000      242.000000      263.000000      245.000000      274.000000      237.000000
248.000000      232.000000      272.000000      247.000000      269.000000      243.000000      263.000000      245.000000      274.000000      238.000000
247.000000      230.000000      272.000000      246.000000      268.000000      241.000000      263.000000      245.000000      274.000000      237.000000
248.000000      230.000000      272.000000      245.000000      268.000000      241.000000      263.000000      245.000000      274.000000      237.000000
248.000000      230.000000      272.000000      246.000000      268.000000      241.000000      263.000000      245.000000      274.000000      237.000000
247.000000      231.000000      272.000000      247.000000      268.000000      243.000000      263.000000      245.000000      274.000000      237.000000
248.000000      231.000000      272.000000      246.000000      269.000000      242.000000      263.000000      245.000000      274.000000      237.000000
247.000000      232.000000      272.000000      247.000000      268.000000      242.000000      263.000000      245.000000      274.000000      237.000000
247.000000      231.000000      272.000000      246.000000      268.000000      242.000000      263.000000      245.000000      274.000000      237.000000
247.000000      231.000000      272.000000      247.000000      268.000000      242.000000      263.000000      245.000000      274.000000      237.000000
247.000000      231.000000      272.000000      247.000000      268.000000      242.000000      263.000000      245.000000      274.000000      238.000000
247.000000      231.000000      272.000000      246.000000      268.000000      242.000000      263.000000      245.000000      274.000000      237.000000
248.000000      231.000000      272.000000      246.000000      268.000000      242.000000      263.000000      245.000000      274.000000      238.000000
247.000000      231.000000      272.000000      246.000000      268.000000      242.000000      263.000000      245.000000      274.000000      237.000000
248.000000      231.000000      272.000000      246.000000      268.000000      242.000000      263.000000      245.000000      274.000000      237.000000
248.000000      231.000000      272.000000      246.000000      268.000000      242.000000      263.000000      245.000000      274.000000      237.000000
247.000000      232.000000      271.000000      247.000000      268.000000      242.000000      263.000000      245.000000      274.000000      238.000000
247.000000      232.000000      272.000000      247.000000      268.000000      242.000000      263.000000      245.000000      274.000000      238.000000
248.000000      232.000000      272.000000      247.000000      268.000000      243.000000      263.000000      245.000000      274.000000      238.000000
248.000000      231.000000      272.000000      246.000000      268.000000      242.000000      263.000000      245.000000      274.000000      237.000000
247.000000      232.000000      272.000000      247.000000      268.000000      243.000000      263.000000      245.000000      274.000000      238.000000
247.000000      231.000000      272.000000      246.000000      268.000000      241.000000      263.000000      245.000000      274.000000      237.000000
247.000000      231.000000      272.000000      246.000000      268.000000      242.000000      263.000000      245.000000      274.000000      237.000000
247.000000      232.000000      272.000000      247.000000      268.000000      243.000000      263.000000      245.000000      274.000000      238.000000
247.000000      231.000000      272.000000      245.000000      268.000000      241.000000      263.000000      245.000000      274.000000      237.000000
247.000000      231.000000      272.000000      246.000000      268.000000      242.000000      263.000000      245.000000      274.000000      237.000000
248.000000      231.000000      272.000000      246.000000      268.000000      242.000000      263.000000      245.000000      274.000000      237.000000
247.000000      230.000000      272.000000      245.000000      269.000000      241.000000      263.000000      245.000000      274.000000      237.000000
248.000000      232.000000      272.000000      246.000000      268.000000      242.000000      263.000000      245.000000      274.000000      237.000000
247.000000      231.000000      272.000000      246.000000      268.000000      242.000000      263.000000      245.000000      274.000000      237.000000
247.000000      231.000000      272.000000      246.000000      268.000000      242.000000      263.000000      245.000000      274.000000      237.000000
248.000000      232.000000      272.000000      247.000000      268.000000      242.000000      263.000000      245.000000      274.000000      238.000000
248.000000      231.000000      272.000000      246.000000      268.000000      241.000000      263.000000      245.000000      274.000000      237.000000
248.000000      232.000000      272.000000      247.000000      268.000000      242.000000      263.000000      245.000000      274.000000      237.000000
247.000000      231.000000      272.000000      246.000000      268.000000      242.000000      263.000000      245.000000      274.000000      238.000000
248.000000      231.000000      272.000000      247.000000      268.000000      242.000000      263.000000      245.000000      274.000000      238.000000
247.000000      231.000000      272.000000      246.000000      268.000000      242.000000      263.000000      245.000000      274.000000      237.000000
248.000000      232.000000      272.000000      247.000000      268.000000      242.000000      263.000000      245.000000      274.000000      238.000000
247.000000      231.000000      272.000000      247.000000      269.000000      242.000000      263.000000      245.000000      274.000000      237.000000
247.000000      231.000000      272.000000      246.000000      268.000000      242.000000      263.000000      245.000000      274.000000      237.000000
248.000000      231.000000      272.000000      246.000000      269.000000      242.000000      263.000000      245.000000      274.000000      237.000000
247.000000      231.000000      272.000000      246.000000      268.000000      242.000000      263.000000      245.000000      274.000000      237.000000
248.000000      231.000000      272.000000      247.000000      269.000000      242.000000      263.000000      245.000000      274.000000      238.000000
247.000000      231.000000      271.000000      246.000000      268.000000      241.000000      263.000000      245.000000      274.000000      237.000000
247.000000      231.000000      272.000000      246.000000      268.000000      241.000000      263.000000      245.000000      274.000000      237.000000
248.000000      231.000000      272.000000      246.000000      269.000000      241.000000      263.000000      245.000000      274.000000      237.000000
248.000000      231.000000      272.000000      246.000000      268.000000      241.000000      263.000000      245.000000      274.000000      237.000000
247.000000      232.000000      272.000000      247.000000      268.000000      242.000000      263.000000      245.000000      274.000000      238.000000
248.000000      231.000000      272.000000      246.000000      269.000000      242.000000      263.000000      245.000000      274.000000      237.000000
247.000000      231.000000      272.000000      246.000000      268.000000      241.000000      263.000000      245.000000      274.000000      237.000000
248.000000      231.000000      272.000000      246.000000      268.000000      242.000000      263.000000      245.000000      274.000000      238.000000
248.000000      230.000000      272.000000      245.000000      268.000000      241.000000      263.000000      245.000000      274.000000      237.000000
247.000000      231.000000      272.000000      246.000000      268.000000      242.000000      263.000000      245.000000      274.000000      237.000000
247.000000      231.000000      272.000000      246.000000      269.000000      241.000000      263.000000      245.000000      274.000000      237.000000
247.000000      231.000000      272.000000      246.000000      268.000000      242.000000      263.000000      245.000000      274.000000      237.000000
247.000000      231.000000      272.000000      246.000000      268.000000      242.000000      263.000000      245.000000      274.000000      237.000000
247.000000      231.000000      271.000000      246.000000      268.000000      241.000000      263.000000      245.000000      274.000000      237.000000
247.000000      231.000000      272.000000      247.000000      268.000000      242.000000      263.000000      245.000000      274.000000      237.000000
247.000000      231.000000      272.000000      246.000000      268.000000      242.000000      263.000000      245.000000      274.000000      237.000000
248.000000      231.000000      272.000000      246.000000      268.000000      241.000000      263.000000      245.000000      274.000000      237.000000
248.000000      230.000000      272.000000      245.000000      268.000000      241.000000      263.000000      245.000000      274.000000      237.000000
247.000000      231.000000      272.000000      246.000000      268.000000      242.000000      263.000000      245.000000      274.000000      237.000000
248.000000      231.000000      272.000000      246.000000      269.000000      241.000000      263.000000      246.000000      274.000000      237.000000
247.000000      231.000000      272.000000      246.000000      268.000000      242.000000      263.000000      245.000000      274.000000      237.000000
248.000000      231.000000      272.000000      246.000000      268.000000      242.000000      263.000000      245.000000      274.000000      237.000000
247.000000      231.000000      272.000000      246.000000      268.000000      242.000000      263.000000      245.000000      274.000000      237.000000
247.000000      231.000000      272.000000      246.000000      268.000000      241.000000      263.000000      245.000000      274.000000      237.000000
247.000000      231.000000      272.000000      246.000000      268.000000      241.000000      263.000000      245.000000      274.000000      237.000000
247.000000      231.000000      272.000000      247.000000      269.000000      242.000000      263.000000      245.000000      274.000000      238.000000
247.000000      231.000000      272.000000      247.000000      268.000000      242.000000      263.000000      245.000000      274.000000      237.000000
248.000000      231.000000      272.000000      246.000000      268.000000      242.000000      263.000000      245.000000      274.000000      237.000000
248.000000      231.000000      272.000000      246.000000      269.000000      242.000000      263.000000      245.000000      274.000000      237.000000
248.000000      230.000000      272.000000      246.000000      268.000000      241.000000      263.000000      245.000000      274.000000      237.000000
248.000000      231.000000      272.000000      247.000000      268.000000      242.000000      263.000000      245.000000      274.000000      238.000000
248.000000      230.000000      272.000000      245.000000      268.000000      241.000000      263.000000      245.000000      274.000000      237.000000
248.000000      231.000000      272.000000      246.000000      268.000000      241.000000      263.000000      245.000000      274.000000      237.000000
248.000000      231.000000      272.000000      246.000000      268.000000      242.000000      263.000000      245.000000      274.000000      237.000000
248.000000      231.000000      272.000000      246.000000      269.000000      242.000000      263.000000      245.000000      274.000000      237.000000
247.000000      231.000000      272.000000      246.000000      268.000000      242.000000      263.000000      245.000000      274.000000      237.000000
247.000000      231.000000      272.000000      246.000000      268.000000      241.000000      263.000000      245.000000      274.000000      237.000000
248.000000      231.000000      272.000000      246.000000      268.000000      242.000000      263.000000      245.000000      274.000000      237.000000
247.000000      232.000000      272.000000      247.000000      268.000000      242.000000      263.000000      245.000000      274.000000      237.000000
247.000000      230.000000      272.000000      246.000000      268.000000      241.000000      263.000000      245.000000      274.000000      237.000000
248.000000      231.000000      272.000000      246.000000      269.000000      242.000000      263.000000      245.000000      274.000000      238.000000
247.000000      231.000000      272.000000      246.000000      268.000000      242.000000      263.000000      245.000000      274.000000      238.000000
247.000000      231.000000      272.000000      246.000000      268.000000      241.000000      263.000000      245.000000      274.000000      237.000000
247.000000      231.000000      272.000000      246.000000      268.000000      243.000000      263.000000      245.000000      274.000000      237.000000
247.000000      231.000000      272.000000      246.000000      269.000000      242.000000      263.000000      245.000000      274.000000      237.000000
247.000000      231.000000      272.000000      246.000000      268.000000      242.000000      263.000000      245.000000      274.000000      237.000000
247.000000      231.000000      272.000000      246.000000      268.000000      242.000000      263.000000      245.000000      274.000000      237.000000
248.000000      232.000000      272.000000      247.000000      268.000000      242.000000      263.000000      245.000000      274.000000      237.000000
248.000000      231.000000      272.000000      246.000000      268.000000      241.000000      263.000000      245.000000      274.000000      237.000000
247.000000      231.000000      272.000000      246.000000      268.000000      242.000000      263.000000      245.000000      274.000000      237.000000
247.000000      231.000000      272.000000      246.000000      268.000000      242.000000      263.000000      245.000000      274.000000      237.000000
248.000000      231.000000      272.000000      246.000000      268.000000      242.000000      263.000000      245.000000      274.000000      238.000000
248.000000      231.000000      272.000000      246.000000      268.000000      242.000000      263.000000      245.000000      274.000000      237.000000
247.000000      231.000000      272.000000      246.000000      268.000000      242.000000      263.000000      245.000000      274.000000      237.000000
247.000000      231.000000      272.000000      246.000000      268.000000      242.000000      263.000000      245.000000      274.000000      237.000000
247.000000      232.000000      272.000000      247.000000      268.000000      243.000000      263.000000      245.000000      274.000000      238.000000
247.000000      231.000000      272.000000      247.000000      268.000000      242.000000      263.000000      245.000000      274.000000      237.000000
247.000000      231.000000      272.000000      247.000000      269.000000      242.000000      263.000000      245.000000      274.000000      237.000000
247.000000      231.000000      272.000000      246.000000      268.000000      242.000000      263.000000      245.000000      274.000000      237.000000
247.000000      231.000000      272.000000      246.000000      268.000000      242.000000      263.000000      245.000000      274.000000      237.000000
247.000000      231.000000      272.000000      247.000000      268.000000      242.000000      263.000000      245.000000      274.000000      237.000000
247.000000      230.000000      272.000000      245.000000      268.000000      241.000000      263.000000      245.000000      274.000000      237.000000
247.000000      232.000000      272.000000      247.000000      269.000000      243.000000      263.000000      245.000000      274.000000      238.000000
247.000000      231.000000      272.000000      246.000000      269.000000      242.000000      263.000000      245.000000      274.000000      237.000000
247.000000      231.000000      272.000000      246.000000      269.000000      242.000000      263.000000      245.000000      274.000000      237.000000
247.000000      231.000000      272.000000      247.000000      268.000000      242.000000      263.000000      245.000000      274.000000      237.000000
248.000000      231.000000      272.000000      247.000000      268.000000      242.000000      263.000000      245.000000      274.000000      237.000000
247.000000      231.000000      272.000000      246.000000      269.000000      242.000000      263.000000      245.000000      274.000000      237.000000
248.000000      232.000000      272.000000      247.000000      268.000000      242.000000      263.000000      245.000000      274.000000      238.000000
247.000000      232.000000      272.000000      247.000000      268.000000      242.000000      263.000000      245.000000      274.000000      237.000000
248.000000      231.000000      272.000000      246.000000      268.000000      242.000000      263.000000      245.000000      274.000000      237.000000
247.000000      231.000000      272.000000      246.000000      268.000000      242.000000      263.000000      245.000000      274.000000      237.000000
247.000000      231.000000      272.000000      246.000000      268.000000      242.000000      263.000000      245.000000      274.000000      237.000000
247.000000      232.000000      272.000000      247.000000      268.000000      243.000000      263.000000      245.000000      274.000000      238.000000
248.000000      231.000000      272.000000      246.000000      268.000000      242.000000      263.000000      245.000000      274.000000      237.000000
247.000000      231.000000      272.000000      246.000000      268.000000      242.000000      263.000000      245.000000      274.000000      237.000000
247.000000      231.000000      272.000000      246.000000      268.000000      242.000000      263.000000      245.000000      274.000000      237.000000
247.000000      231.000000      272.000000      246.000000      268.000000      242.000000      263.000000      245.000000      274.000000      237.000000
248.000000      232.000000      272.000000      247.000000      268.000000      243.000000      263.000000      245.000000      274.000000      238.000000
247.000000      231.000000      272.000000      246.000000      268.000000      242.000000      263.000000      245.000000      274.000000      237.000000
247.000000      231.000000      272.000000      246.000000      268.000000      242.000000      263.000000      245.000000      274.000000      237.000000
247.000000      232.000000      272.000000      247.000000      268.000000      242.000000      263.000000      245.000000      274.000000      238.000000
247.000000      231.000000      272.000000      246.000000      268.000000      242.000000      263.000000      245.000000      274.000000      237.000000
247.000000      231.000000      271.000000      246.000000      268.000000      242.000000      263.000000      245.000000      274.000000      237.000000
248.000000      231.000000      272.000000      246.000000      268.000000      242.000000      263.000000      245.000000      274.000000      237.000000
247.000000      231.000000      272.000000      246.000000      268.000000      241.000000      263.000000      245.000000      274.000000      237.000000
248.000000      232.000000      272.000000      247.000000      269.000000      242.000000      263.000000      245.000000      274.000000      237.000000
248.000000      230.000000      272.000000      245.000000      269.000000      241.000000      263.000000      246.000000      274.000000      237.000000
247.000000      231.000000      272.000000      246.000000      268.000000      241.000000      263.000000      245.000000      274.000000      237.000000
248.000000      232.000000      272.000000      248.000000      268.000000      243.000000      263.000000      245.000000      274.000000      238.000000
248.000000      231.000000      272.000000      246.000000      268.000000      241.000000      263.000000      245.000000      274.000000      237.000000
247.000000      232.000000      272.000000      247.000000      269.000000      243.000000      263.000000      245.000000      274.000000      238.000000
248.000000      231.000000      272.000000      246.000000      268.000000      242.000000      263.000000      245.000000      274.000000      237.000000
248.000000      230.000000      272.000000      245.000000      268.000000      241.000000      263.000000      245.000000      274.000000      237.000000
247.000000      231.000000      272.000000      246.000000      269.000000      242.000000      263.000000      245.000000      274.000000      237.000000
247.000000      231.000000      272.000000      246.000000      268.000000      241.000000      263.000000      245.000000      274.000000      237.000000
247.000000      232.000000      272.000000      247.000000      268.000000      242.000000      263.000000      245.000000      274.000000      237.000000
247.000000      231.000000      272.000000      247.000000      268.000000      242.000000      263.000000      245.000000      274.000000      237.000000
247.000000      232.000000      272.000000      247.000000      268.000000      242.000000      263.000000      245.000000      274.000000      238.000000
247.000000      231.000000      272.000000      246.000000      268.000000      242.000000      263.000000      245.000000      274.000000      237.000000
248.000000      231.000000      272.000000      246.000000      268.000000      242.000000      263.000000      245.000000      274.000000      237.000000
247.000000      231.000000      272.000000      246.000000      268.000000      242.000000      263.000000      245.000000      274.000000      237.000000
247.000000      231.000000      272.000000      246.000000      268.000000      242.000000      263.000000      245.000000      274.000000      237.000000
247.000000      230.000000      272.000000      245.000000      268.000000      241.000000      263.000000      245.000000      274.000000      237.000000
247.000000      231.000000      272.000000      246.000000      268.000000      242.000000      263.000000      245.000000      274.000000      237.000000
247.000000      231.000000      272.000000      246.000000      269.000000      242.000000      263.000000      245.000000      274.000000      237.000000
247.000000      231.000000      272.000000      246.000000      269.000000      242.000000      263.000000      245.000000      274.000000      237.000000
247.000000      230.000000      272.000000      246.000000      268.000000      241.000000      263.000000      245.000000      274.000000      237.000000
247.000000      231.000000      272.000000      247.000000      268.000000      242.000000      263.000000      245.000000      274.000000      237.000000
247.000000      232.000000      272.000000      247.000000      268.000000      242.000000      263.000000      245.000000      274.000000      238.000000
247.000000      230.000000      272.000000      246.000000      268.000000      241.000000      263.000000      245.000000      274.000000      237.000000
247.000000      231.000000      272.000000      246.000000      269.000000      242.000000      263.000000      245.000000      274.000000      237.000000
247.000000      230.000000      272.000000      245.000000      268.000000      241.000000      263.000000      245.000000      274.000000      237.000000
248.000000      232.000000      272.000000      247.000000      268.000000      243.000000      263.000000      245.000000      274.000000      238.000000
247.000000      231.000000      272.000000      246.000000      268.000000      242.000000      263.000000      245.000000      274.000000      238.000000
248.000000      231.000000      272.000000      246.000000      269.000000      242.000000      263.000000      245.000000      274.000000      237.000000
247.000000      231.000000      272.000000      246.000000      268.000000      242.000000      263.000000      245.000000      274.000000      237.000000
247.000000      231.000000      272.000000      246.000000      268.000000      242.000000      263.000000      245.000000      274.000000      237.000000
247.000000      231.000000      272.000000      247.000000      269.000000      242.000000      263.000000      246.000000      274.000000      237.000000
247.000000      231.000000      272.000000      246.000000      268.000000      242.000000      263.000000      245.000000      274.000000      237.000000
247.000000      231.000000      272.000000      246.000000      268.000000      242.000000      263.000000      245.000000      274.000000      237.000000
247.000000      231.000000      272.000000      247.000000      268.000000      242.000000      263.000000      245.000000      274.000000      238.000000
248.000000      232.000000      272.000000      247.000000      268.000000      243.000000      263.000000      245.000000      274.000000      238.000000
247.000000      231.000000      272.000000      246.000000      268.000000      242.000000      263.000000      245.000000      274.000000      237.000000
247.000000      230.000000      272.000000      246.000000      268.000000      241.000000      263.000000      245.000000      274.000000      237.000000
247.000000      231.000000      272.000000      246.000000      268.000000      242.000000      263.000000      245.000000      274.000000      237.000000
247.000000      232.000000      272.000000      247.000000      268.000000      243.000000      263.000000      245.000000      274.000000      238.000000
247.000000      231.000000      272.000000      246.000000      268.000000      242.000000      263.000000      245.000000      274.000000      237.000000
247.000000      232.000000      272.000000      247.000000      268.000000      242.000000      263.000000      245.000000      274.000000      238.000000
247.000000      231.000000      272.000000      246.000000      268.000000      242.000000      263.000000      245.000000      274.000000      237.000000
248.000000      231.000000      272.000000      246.000000      268.000000      242.000000      263.000000      245.000000      274.000000      237.000000
247.000000      231.000000      272.000000      246.000000      268.000000      242.000000      263.000000      245.000000      274.000000      237.000000
247.000000      231.000000      272.000000      246.000000      268.000000      241.000000      263.000000      245.000000      274.000000      237.000000
247.000000      232.000000      272.000000      247.000000      268.000000      243.000000      263.000000      245.000000      274.000000      238.000000
247.000000      231.000000      272.000000      246.000000      268.000000      242.000000      263.000000      245.000000      274.000000      237.000000
247.000000      231.000000      272.000000      246.000000      268.000000      241.000000      263.000000      245.000000      274.000000      237.000000
247.000000      231.000000      272.000000      246.000000      269.000000      242.000000      263.000000      245.000000      274.000000      237.000000
247.000000      231.000000      272.000000      246.000000      268.000000      242.000000      263.000000      245.000000      274.000000      237.000000
248.000000      230.000000      272.000000      245.000000      268.000000      241.000000      263.000000      245.000000      274.000000      237.000000
247.000000      231.000000      272.000000      246.000000      268.000000      242.000000      263.000000      245.000000      274.000000      237.000000
247.000000      231.000000      272.000000      246.000000      268.000000      242.000000      263.000000      245.000000      274.000000      237.000000
247.000000      231.000000      271.000000      246.000000      268.000000      242.000000      263.000000      245.000000      274.000000      237.000000
247.000000      231.000000      272.000000      246.000000      268.000000      242.000000      263.000000      245.000000      274.000000      237.000000
247.000000      231.000000      272.000000      246.000000      268.000000      242.000000      263.000000      245.000000      274.000000      237.000000
247.000000      231.000000      272.000000      247.000000      268.000000      242.000000      263.000000      245.000000      274.000000      237.000000
248.000000      231.000000      272.000000      246.000000      268.000000      241.000000      263.000000      245.000000      274.000000      237.000000
247.000000      231.000000      272.000000      246.000000      268.000000      242.000000      263.000000      245.000000      274.000000      237.000000
247.000000      231.000000      272.000000      247.000000      268.000000      242.000000      263.000000      245.000000      274.000000      237.000000
248.000000      231.000000      272.000000      247.000000      268.000000      242.000000      263.000000      245.000000      274.000000      237.000000
247.000000      231.000000      272.000000      247.000000      268.000000      242.000000      263.000000      245.000000      274.000000      237.000000
247.000000      231.000000      272.000000      247.000000      268.000000      242.000000      263.000000      245.000000      274.000000      238.000000
248.000000      231.000000      272.000000      246.000000      268.000000      242.000000      263.000000      245.000000      274.000000      237.000000
247.000000      231.000000      272.000000      246.000000      268.000000      242.000000      263.000000      245.000000      274.000000      237.000000
247.000000      231.000000      272.000000      246.000000      268.000000      242.000000      263.000000      246.000000      274.000000      237.000000
247.000000      231.000000      272.000000      246.000000      268.000000      242.000000      263.000000      245.000000      274.000000      237.000000
247.000000      231.000000      272.000000      246.000000      268.000000      242.000000      263.000000      245.000000      274.000000      238.000000
247.000000      230.000000      272.000000      246.000000      268.000000      241.000000      263.000000      245.000000      274.000000      237.000000
247.000000      231.000000      272.000000      247.000000      268.000000      242.000000      263.000000      245.000000      274.000000      237.000000
247.000000      231.000000      272.000000      246.000000      268.000000      242.000000      263.000000      245.000000      274.000000      237.000000
247.000000      232.000000      272.000000      247.000000      268.000000      242.000000      263.000000      245.000000      274.000000      238.000000
247.000000      232.000000      272.000000      247.000000      268.000000      243.000000      263.000000      246.000000      274.000000      238.000000
247.000000      230.000000      272.000000      246.000000      268.000000      241.000000      263.000000      245.000000      274.000000      237.000000
247.000000      231.000000      272.000000      246.000000      269.000000      242.000000      263.000000      245.000000      274.000000      237.000000
248.000000      231.000000      272.000000      246.000000      269.000000      242.000000      263.000000      246.000000      274.000000      237.000000
247.000000      231.000000      272.000000      246.000000      268.000000      242.000000      263.000000      245.000000      274.000000      237.000000
248.000000      231.000000      272.000000      246.000000      268.000000      242.000000      263.000000      245.000000      274.000000      237.000000
247.000000      230.000000      272.000000      246.000000      268.000000      241.000000      263.000000      245.000000      274.000000      237.000000
248.000000      231.000000      272.000000      246.000000      268.000000      242.000000      263.000000      245.000000      274.000000      237.000000
247.000000      231.000000      271.000000      246.000000      268.000000      242.000000      263.000000      245.000000      274.000000      237.000000
248.000000      231.000000      272.000000      247.000000      268.000000      242.000000      263.000000      245.000000      274.000000      237.000000
247.000000      232.000000      272.000000      247.000000      268.000000      242.000000      263.000000      245.000000      274.000000      238.000000
248.000000      231.000000      272.000000      247.000000      268.000000      242.000000      263.000000      245.000000      274.000000      237.000000
247.000000      230.000000      272.000000      246.000000      268.000000      241.000000      263.000000      245.000000      274.000000      237.000000
247.000000      231.000000      272.000000      246.000000      268.000000      242.000000      263.000000      245.000000      274.000000      237.000000
247.000000      231.000000      272.000000      246.000000      268.000000      242.000000      263.000000      245.000000      274.000000      237.000000
247.000000      231.000000      272.000000      247.000000      269.000000      242.000000      263.000000      245.000000      274.000000      238.000000
248.000000      232.000000      272.000000      247.000000      269.000000      242.000000      263.000000      245.000000      274.000000      238.000000
248.000000      230.000000      272.000000      245.000000      268.000000      241.000000      263.000000      245.000000      274.000000      237.000000
248.000000      231.000000      272.000000      246.000000      269.000000      242.000000      263.000000      245.000000      274.000000      237.000000
248.000000      231.000000      272.000000      246.000000      269.000000      242.000000      263.000000      245.000000      274.000000      237.000000
247.000000      230.000000      272.000000      246.000000      268.000000      241.000000      263.000000      245.000000      274.000000      237.000000
247.000000      231.000000      272.000000      246.000000      268.000000      242.000000      263.000000      245.000000      274.000000      237.000000
247.000000      232.000000      272.000000      247.000000      268.000000      242.000000      263.000000      245.000000      274.000000      238.000000
248.000000      230.000000      272.000000      246.000000      269.000000      241.000000      263.000000      245.000000      274.000000      237.000000
247.000000      232.000000      272.000000      247.000000      268.000000      242.000000      263.000000      245.000000      274.000000      238.000000
247.000000      231.000000      272.000000      246.000000      268.000000      241.000000      263.000000      245.000000      274.000000      237.000000
247.000000      231.000000      272.000000      246.000000      268.000000      242.000000      263.000000      245.000000      274.000000      237.000000
247.000000      231.000000      272.000000      246.000000      268.000000      242.000000      263.000000      245.000000      274.000000      238.000000
247.000000      231.000000      272.000000      247.000000      268.000000      242.000000      263.000000      245.000000      274.000000      237.000000
248.000000      231.000000      272.000000      246.000000      268.000000      242.000000      263.000000      245.000000      274.000000      237.000000
248.000000      232.000000      272.000000      247.000000      269.000000      243.000000      263.000000      245.000000      274.000000      237.000000
247.000000      231.000000      272.000000      246.000000      268.000000      242.000000      263.000000      245.000000      274.000000      237.000000
247.000000      232.000000      272.000000      247.000000      268.000000      243.000000      263.000000      245.000000      274.000000      238.000000
248.000000      231.000000      272.000000      247.000000      268.000000      242.000000      263.000000      245.000000      274.000000      237.000000
247.000000      231.000000      272.000000      245.000000      268.000000      242.000000      263.000000      245.000000      274.000000      237.000000
247.000000      231.000000      272.000000      246.000000      268.000000      242.000000      263.000000      245.000000      274.000000      237.000000
247.000000      231.000000      272.000000      246.000000      268.000000      242.000000      263.000000      245.000000      274.000000      237.000000
247.000000      232.000000      272.000000      246.000000      268.000000      242.000000      263.000000      245.000000      274.000000      238.000000
248.000000      231.000000      272.000000      247.000000      268.000000      242.000000      263.000000      245.000000      274.000000      238.000000
247.000000      231.000000      272.000000      247.000000      269.000000      242.000000      263.000000      245.000000      274.000000      238.000000
247.000000      231.000000      272.000000      246.000000      268.000000      241.000000      263.000000      245.000000      274.000000      237.000000
247.000000      231.000000      272.000000      246.000000      268.000000      242.000000      263.000000      245.000000      274.000000      237.000000
248.000000      231.000000      272.000000      246.000000      268.000000      241.000000      263.000000      245.000000      274.000000      237.000000
247.000000      231.000000      272.000000      247.000000      268.000000      242.000000      263.000000      245.000000      274.000000      238.000000
247.000000      231.000000      272.000000      247.000000      268.000000      242.000000      263.000000      245.000000      274.000000      237.000000
247.000000      230.000000      272.000000      245.000000      268.000000      241.000000      263.000000      245.000000      274.000000      237.000000
247.000000      231.000000      272.000000      246.000000      268.000000      242.000000      263.000000      245.000000      274.000000      237.000000
247.000000      231.000000      272.000000      246.000000      269.000000      242.000000      263.000000      245.000000      274.000000      237.000000
248.000000      231.000000      272.000000      246.000000      268.000000      242.000000      263.000000      245.000000      274.000000      237.000000
248.000000      232.000000      272.000000      247.000000      268.000000      242.000000      263.000000      245.000000      274.000000      237.000000
247.000000      231.000000      272.000000      246.000000      268.000000      242.000000      263.000000      245.000000      274.000000      237.000000
248.000000      231.000000      272.000000      246.000000      268.000000      242.000000      263.000000      245.000000      274.000000      237.000000
248.000000      231.000000      272.000000      247.000000      268.000000      243.000000      263.000000      245.000000      274.000000      238.000000
248.000000      232.000000      272.000000      247.000000      268.000000      242.000000      263.000000      245.000000      274.000000      238.000000
247.000000      232.000000      272.000000      247.000000      269.000000      243.000000      263.000000      245.000000      274.000000      238.000000
247.000000      231.000000      272.000000      246.000000      268.000000      242.000000      263.000000      245.000000      274.000000      237.000000
247.000000      232.000000      272.000000      247.000000      268.000000      242.000000      263.000000      245.000000      274.000000      237.000000
247.000000      231.000000      272.000000      246.000000      268.000000      242.000000      263.000000      245.000000      274.000000      237.000000
248.000000      231.000000      272.000000      246.000000      269.000000      242.000000      263.000000      245.000000      274.000000      237.000000
247.000000      231.000000      272.000000      246.000000      268.000000      241.000000      263.000000      245.000000      274.000000      237.000000
248.000000      231.000000      272.000000      246.000000      268.000000      242.000000      263.000000      245.000000      274.000000      237.000000
247.000000      231.000000      272.000000      247.000000      268.000000      242.000000      263.000000      245.000000      274.000000      237.000000
247.000000      231.000000      272.000000      246.000000      269.000000      242.000000      263.000000      245.000000      274.000000      237.000000
247.000000      232.000000      272.000000      247.000000      268.000000      242.000000      263.000000      245.000000      274.000000      237.000000
247.000000      231.000000      272.000000      247.000000      268.000000      242.000000      263.000000      245.000000      274.000000      238.000000
248.000000      231.000000      272.000000      246.000000      268.000000      242.000000      263.000000      245.000000      274.000000      237.000000
247.000000      231.000000      272.000000      246.000000      268.000000      242.000000      263.000000      245.000000      274.000000      237.000000
247.000000      231.000000      272.000000      246.000000      268.000000      242.000000      263.000000      245.000000      274.000000      237.000000
248.000000      231.000000      272.000000      246.000000      268.000000      242.000000      263.000000      245.000000      274.000000      237.000000
247.000000      230.000000      272.000000      246.000000      268.000000      241.000000      263.000000      245.000000      274.000000      237.000000
248.000000      231.000000      272.000000      246.000000      268.000000      242.000000      263.000000      245.000000      274.000000      237.000000
247.000000      232.000000      272.000000      247.000000      268.000000      243.000000      263.000000      245.000000      274.000000      238.000000
247.000000      231.000000      272.000000      246.000000      268.000000      242.000000      263.000000      245.000000      274.000000      237.000000
247.000000      231.000000      272.000000      246.000000      268.000000      242.000000      263.000000      245.000000      274.000000      238.000000
248.000000      231.000000      272.000000      246.000000      268.000000      242.000000      263.000000      245.000000      274.000000      238.000000
248.000000      231.000000      272.000000      246.000000      268.000000      242.000000      263.000000      245.000000      274.000000      237.000000
248.000000      230.000000      272.000000      246.000000      268.000000      241.000000      263.000000      245.000000      274.000000      237.000000
248.000000      230.000000      272.000000      245.000000      268.000000      241.000000      263.000000      245.000000      274.000000      237.000000
247.000000      231.000000      272.000000      246.000000      268.000000      242.000000      263.000000      245.000000      274.000000      237.000000
247.000000      231.000000      272.000000      246.000000      268.000000      242.000000      263.000000      245.000000      274.000000      237.000000
247.000000      231.000000      272.000000      246.000000      268.000000      242.000000      263.000000      245.000000      274.000000      237.000000
247.000000      232.000000      272.000000      247.000000      268.000000      242.000000      263.000000      245.000000      274.000000      238.000000
247.000000      231.000000      272.000000      246.000000      268.000000      242.000000      263.000000      245.000000      274.000000      237.000000
247.000000      231.000000      272.000000      246.000000      268.000000      242.000000      263.000000      245.000000      274.000000      237.000000
248.000000      231.000000      272.000000      246.000000      268.000000      242.000000      263.000000      245.000000      274.000000      237.000000
247.000000      231.000000      272.000000      246.000000      268.000000      242.000000      263.000000      245.000000      274.000000      237.000000
247.000000      231.000000      272.000000      246.000000      268.000000      242.000000      263.000000      245.000000      274.000000      237.000000
247.000000      231.000000      272.000000      246.000000      268.000000      242.000000      263.000000      245.000000      274.000000      237.000000
247.000000      231.000000      272.000000      246.000000      268.000000      242.000000      263.000000      245.000000      274.000000      237.000000
248.000000      232.000000      272.000000      247.000000      269.000000      243.000000      263.000000      245.000000      274.000000      238.000000
248.000000      231.000000      272.000000      246.000000      269.000000      242.000000      263.000000      245.000000      274.000000      237.000000
247.000000      231.000000      272.000000      246.000000      268.000000      242.000000      263.000000      245.000000      274.000000      237.000000
248.000000      231.000000      272.000000      246.000000      269.000000      242.000000      263.000000      245.000000      274.000000      237.000000
247.000000      232.000000      272.000000      246.000000      268.000000      242.000000      263.000000      245.000000      274.000000      238.000000
247.000000      232.000000      272.000000      247.000000      268.000000      242.000000      263.000000      245.000000      274.000000      238.000000
247.000000      231.000000      272.000000      246.000000      268.000000      242.000000      263.000000      245.000000      274.000000      237.000000
247.000000      231.000000      272.000000      247.000000      268.000000      242.000000      263.000000      245.000000      274.000000      237.000000
247.000000      231.000000      272.000000      246.000000      269.000000      242.000000      263.000000      245.000000      274.000000      237.000000
247.000000      231.000000      272.000000      246.000000      268.000000      242.000000      263.000000      245.000000      274.000000      237.000000
247.000000      231.000000      272.000000      246.000000      268.000000      242.000000      263.000000      245.000000      274.000000      237.000000
247.000000      231.000000      272.000000      246.000000      268.000000      242.000000      263.000000      245.000000      274.000000      237.000000
247.000000      231.000000      272.000000      246.000000      269.000000      242.000000      263.000000      245.000000      274.000000      237.000000
247.000000      231.000000      272.000000      246.000000      268.000000      242.000000      263.000000      245.000000      274.000000      237.000000
248.000000      231.000000      272.000000      246.000000      268.000000      242.000000      263.000000      245.000000      274.000000      237.000000
247.000000      232.000000      272.000000      247.000000      268.000000      243.000000      263.000000      245.000000      274.000000      238.000000
247.000000      230.000000      272.000000      245.000000      268.000000      241.000000      263.000000      245.000000      274.000000      237.000000
248.000000      231.000000      272.000000      246.000000      269.000000      242.000000      263.000000      245.000000      274.000000      237.000000
247.000000      232.000000      272.000000      247.000000      268.000000      243.000000      263.000000      245.000000      274.000000      238.000000
247.000000      232.000000      272.000000      247.000000      268.000000      242.000000      263.000000      245.000000      274.000000      237.000000
247.000000      231.000000      272.000000      246.000000      268.000000      242.000000      263.000000      245.000000      274.000000      238.000000
247.000000      231.000000      272.000000      246.000000      268.000000      242.000000      263.000000      245.000000      274.000000      237.000000
247.000000      230.000000      272.000000      246.000000      268.000000      241.000000      263.000000      245.000000      274.000000      237.000000
247.000000      231.000000      272.000000      246.000000      268.000000      242.000000      263.000000      245.000000      274.000000      237.000000
247.000000      231.000000      272.000000      246.000000      268.000000      241.000000      263.000000      245.000000      274.000000      237.000000
247.000000      231.000000      272.000000      247.000000      269.000000      242.000000      263.000000      245.000000      274.000000      237.000000
247.000000      231.000000      272.000000      246.000000      269.000000      241.000000      263.000000      245.000000      274.000000      237.000000
247.000000      231.000000      272.000000      246.000000      268.000000      242.000000      263.000000      245.000000      274.000000      237.000000
247.000000      232.000000      272.000000      247.000000      268.000000      243.000000      263.000000      245.000000      274.000000      238.000000
247.000000      231.000000      272.000000      246.000000      268.000000      242.000000      263.000000      245.000000      274.000000      237.000000
248.000000      231.000000      272.000000      246.000000      268.000000      241.000000      263.000000      245.000000      274.000000      237.000000
248.000000      231.000000      272.000000      247.000000      269.000000      242.000000      263.000000      245.000000      274.000000      237.000000
247.000000      232.000000      272.000000      247.000000      268.000000      243.000000      263.000000      245.000000      274.000000      238.000000
247.000000      232.000000      272.000000      247.000000      268.000000      243.000000      263.000000      245.000000      274.000000      238.000000
247.000000      231.000000      272.000000      246.000000      268.000000      242.000000      263.000000      245.000000      274.000000      237.000000
247.000000      232.000000      272.000000      247.000000      269.000000      243.000000      263.000000      245.000000      274.000000      238.000000
247.000000      232.000000      272.000000      247.000000      268.000000      243.000000      263.000000      245.000000      274.000000      238.000000
247.000000      231.000000      272.000000      246.000000      268.000000      242.000000      263.000000      245.000000      274.000000      237.000000
247.000000      231.000000      272.000000      246.000000      268.000000      242.000000      263.000000      245.000000      274.000000      237.000000
247.000000      231.000000      272.000000      246.000000      268.000000      242.000000      263.000000      245.000000      274.000000      237.000000
248.000000      231.000000      272.000000      246.000000      269.000000      242.000000      263.000000      245.000000      274.000000      237.000000
247.000000      231.000000      272.000000      246.000000      268.000000      242.000000      263.000000      245.000000      274.000000      237.000000
248.000000      232.000000      272.000000      247.000000      269.000000      243.000000      263.000000      245.000000      274.000000      238.000000
247.000000      231.000000      272.000000      246.000000      268.000000      242.000000      263.000000      245.000000      274.000000      238.000000
247.000000      231.000000      272.000000      246.000000      268.000000      242.000000      263.000000      245.000000      274.000000      237.000000
248.000000      231.000000      272.000000      246.000000      268.000000      241.000000      263.000000      245.000000      274.000000      237.000000
247.000000      232.000000      272.000000      247.000000      268.000000      242.000000      263.000000      245.000000      274.000000      238.000000
248.000000      231.000000      272.000000      246.000000      268.000000      242.000000      263.000000      245.000000      274.000000      237.000000
247.000000      232.000000      272.000000      247.000000      269.000000      243.000000      263.000000      245.000000      274.000000      237.000000
248.000000      231.000000      272.000000      246.000000      269.000000      241.000000      263.000000      245.000000      274.000000      237.000000
247.000000      231.000000      272.000000      246.000000      268.000000      242.000000      263.000000      245.000000      274.000000      237.000000
247.000000      231.000000      272.000000      246.000000      268.000000      241.000000      263.000000      245.000000      274.000000      237.000000
247.000000      230.000000      272.000000      245.000000      268.000000      241.000000      263.000000      245.000000      274.000000      237.000000
247.000000      231.000000      272.000000      246.000000      268.000000      242.000000      263.000000      245.000000      274.000000      237.000000
247.000000      231.000000      272.000000      247.000000      269.000000      242.000000      263.000000      245.000000      274.000000      237.000000
248.000000      232.000000      272.000000      247.000000      268.000000      243.000000      263.000000      245.000000      274.000000      238.000000
247.000000      232.000000      272.000000      246.000000      268.000000      242.000000      263.000000      245.000000      274.000000      238.000000
247.000000      231.000000      272.000000      246.000000      268.000000      242.000000      263.000000      245.000000      274.000000      237.000000
247.000000      230.000000      272.000000      245.000000      268.000000      241.000000      263.000000      245.000000      274.000000      237.000000
248.000000      231.000000      272.000000      246.000000      268.000000      241.000000      263.000000      245.000000      274.000000      237.000000
248.000000      231.000000      272.000000      246.000000      268.000000      242.000000      263.000000      245.000000      274.000000      237.000000
247.000000      231.000000      272.000000      247.000000      268.000000      242.000000      263.000000      245.000000      274.000000      237.000000
247.000000      231.000000      272.000000      246.000000      268.000000      242.000000      263.000000      245.000000      274.000000      237.000000
247.000000      231.000000      272.000000      246.000000      268.000000      242.000000      263.000000      245.000000      274.000000      237.000000
247.000000      231.000000      272.000000      246.000000      268.000000      242.000000      263.000000      245.000000      274.000000      237.000000
248.000000      231.000000      272.000000      246.000000      268.000000      241.000000      263.000000      245.000000      274.000000      237.000000
247.000000      231.000000      272.000000      246.000000      268.000000      242.000000      263.000000      245.000000      274.000000      237.000000
247.000000      231.000000      272.000000      247.000000      268.000000      242.000000      263.000000      245.000000      274.000000      237.000000
248.000000      231.000000      272.000000      246.000000      269.000000      242.000000      263.000000      245.000000      274.000000      237.000000
247.000000      231.000000      272.000000      246.000000      268.000000      242.000000      263.000000      245.000000      274.000000      237.000000
247.000000      231.000000      272.000000      246.000000      268.000000      242.000000      263.000000      245.000000      274.000000      237.000000
247.000000      231.000000      272.000000      246.000000      268.000000      242.000000      263.000000      245.000000      274.000000      237.000000
247.000000      231.000000      272.000000      246.000000      268.000000      242.000000      263.000000      245.000000      274.000000      237.000000
248.000000      232.000000      272.000000      247.000000      268.000000      243.000000      263.000000      245.000000      274.000000      238.000000
248.000000      231.000000      272.000000      246.000000      269.000000      242.000000      263.000000      245.000000      274.000000      237.000000
247.000000      231.000000      272.000000      246.000000      268.000000      242.000000      263.000000      245.000000      274.000000      238.000000
247.000000      231.000000      272.000000      246.000000      268.000000      242.000000      263.000000      245.000000      274.000000      237.000000
247.000000      232.000000      272.000000      247.000000      268.000000      243.000000      263.000000      245.000000      274.000000      238.000000
247.000000      232.000000      272.000000      247.000000      268.000000      242.000000      263.000000      245.000000      274.000000      238.000000
247.000000      231.000000      272.000000      246.000000      268.000000      242.000000      263.000000      245.000000      274.000000      237.000000
247.000000      232.000000      272.000000      247.000000      268.000000      243.000000      263.000000      245.000000      274.000000      238.000000
247.000000      231.000000      272.000000      246.000000      268.000000      242.000000      263.000000      245.000000      274.000000      237.000000
247.000000      232.000000      272.000000      247.000000      268.000000      243.000000      263.000000      245.000000      274.000000      238.000000
247.000000      232.000000      272.000000      247.000000      268.000000      243.000000      263.000000      245.000000      274.000000      238.000000
247.000000      231.000000      272.000000      246.000000      268.000000      242.000000      263.000000      245.000000      274.000000      237.000000
247.000000      231.000000      272.000000      247.000000      268.000000      242.000000      263.000000      245.000000      274.000000      238.000000
247.000000      231.000000      272.000000      247.000000      268.000000      242.000000      263.000000      245.000000      274.000000      237.000000
247.000000      231.000000      272.000000      246.000000      268.000000      242.000000      263.000000      245.000000      274.000000      237.000000
247.000000      230.000000      272.000000      245.000000      268.000000      241.000000      263.000000      245.000000      274.000000      237.000000
248.000000      231.000000      272.000000      246.000000      269.000000      242.000000      263.000000      245.000000      274.000000      237.000000
247.000000      232.000000      272.000000      247.000000      268.000000      243.000000      263.000000      245.000000      274.000000      238.000000
247.000000      231.000000      272.000000      246.000000      268.000000      241.000000      263.000000      245.000000      274.000000      237.000000
247.000000      232.000000      272.000000      247.000000      268.000000      243.000000      263.000000      245.000000      274.000000      238.000000
248.000000      231.000000      272.000000      246.000000      268.000000      242.000000      263.000000      245.000000      274.000000      237.000000
247.000000      232.000000      272.000000      247.000000      269.000000      243.000000      263.000000      245.000000      274.000000      238.000000
248.000000      232.000000      272.000000      247.000000      268.000000      243.000000      263.000000      245.000000      274.000000      238.000000
247.000000      230.000000      272.000000      246.000000      268.000000      241.000000      263.000000      245.000000      274.000000      237.000000
247.000000      232.000000      272.000000      247.000000      268.000000      242.000000      263.000000      245.000000      274.000000      238.000000
247.000000      231.000000      272.000000      246.000000      268.000000      242.000000      263.000000      245.000000      274.000000      237.000000
247.000000      231.000000      272.000000      246.000000      268.000000      241.000000      263.000000      245.000000      274.000000      237.000000
247.000000      231.000000      272.000000      246.000000      268.000000      242.000000      263.000000      245.000000      274.000000      238.000000
247.000000      231.000000      272.000000      245.000000      268.000000      241.000000      263.000000      245.000000      274.000000      237.000000
248.000000      231.000000      272.000000      246.000000      268.000000      242.000000      263.000000      245.000000      274.000000      238.000000
248.000000      231.000000      272.000000      246.000000      268.000000      241.000000      263.000000      245.000000      274.000000      237.000000
247.000000      231.000000      272.000000      246.000000      268.000000      242.000000      263.000000      245.000000      274.000000      237.000000
247.000000      231.000000      272.000000      246.000000      268.000000      242.000000      263.000000      245.000000      274.000000      237.000000
247.000000      231.000000      272.000000      246.000000      269.000000      242.000000      263.000000      245.000000      274.000000      237.000000
248.000000      232.000000      272.000000      247.000000      268.000000      243.000000      263.000000      245.000000      274.000000      238.000000
247.000000      230.000000      271.000000      245.000000      268.000000      241.000000      263.000000      245.000000      274.000000      237.000000
247.000000      231.000000      272.000000      246.000000      268.000000      242.000000      263.000000      245.000000      274.000000      237.000000
248.000000      231.000000      272.000000      246.000000      269.000000      242.000000      263.000000      245.000000      274.000000      237.000000
247.000000      232.000000      272.000000      247.000000      268.000000      242.000000      263.000000      245.000000      274.000000      237.000000
247.000000      232.000000      272.000000      247.000000      268.000000      243.000000      263.000000      245.000000      274.000000      238.000000
247.000000      230.000000      272.000000      245.000000      268.000000      241.000000      263.000000      245.000000      274.000000      237.000000
248.000000      232.000000      272.000000      247.000000      269.000000      243.000000      263.000000      245.000000      274.000000      238.000000
248.000000      231.000000      272.000000      246.000000      268.000000      242.000000      263.000000      245.000000      274.000000      237.000000
247.000000      231.000000      272.000000      246.000000      268.000000      241.000000      263.000000      245.000000      274.000000      237.000000
248.000000      231.000000      272.000000      246.000000      268.000000      242.000000      263.000000      245.000000      274.000000      237.000000
247.000000      232.000000      272.000000      247.000000      268.000000      243.000000      263.000000      245.000000      274.000000      237.000000
248.000000      231.000000      272.000000      246.000000      268.000000      242.000000      263.000000      245.000000      274.000000      237.000000
247.000000      231.000000      272.000000      246.000000      268.000000      242.000000      263.000000      245.000000      274.000000      237.000000
248.000000      231.000000      272.000000      247.000000      269.000000      242.000000      263.000000      245.000000      274.000000      237.000000
248.000000      229.000000      272.000000      245.000000      268.000000      241.000000      263.000000      245.000000      274.000000      237.000000
247.000000      231.000000      272.000000      246.000000      268.000000      242.000000      263.000000      245.000000      274.000000      237.000000
247.000000      231.000000      272.000000      246.000000      268.000000      241.000000      263.000000      245.000000      274.000000      237.000000
247.000000      230.000000      272.000000      245.000000      268.000000      241.000000      263.000000      245.000000      274.000000      237.000000
248.000000      232.000000      272.000000      247.000000      268.000000      243.000000      263.000000      245.000000      274.000000      237.000000
247.000000      231.000000      272.000000      246.000000      268.000000      241.000000      263.000000      245.000000      274.000000      237.000000
248.000000      230.000000      272.000000      246.000000      268.000000      241.000000      263.000000      245.000000      274.000000      237.000000
247.000000      231.000000      272.000000      246.000000      268.000000      241.000000      263.000000      245.000000      274.000000      237.000000
248.000000      231.000000      272.000000      246.000000      269.000000      242.000000      263.000000      245.000000      274.000000      237.000000
247.000000      231.000000      272.000000      246.000000      268.000000      242.000000      263.000000      245.000000      274.000000      237.000000
247.000000      231.000000      272.000000      246.000000      268.000000      242.000000      263.000000      245.000000      274.000000      237.000000
247.000000      231.000000      272.000000      246.000000      268.000000      242.000000      263.000000      245.000000      274.000000      237.000000
248.000000      231.000000      272.000000      246.000000      268.000000      241.000000      263.000000      245.000000      274.000000      237.000000
248.000000      231.000000      272.000000      246.000000      269.000000      242.000000      263.000000      245.000000      274.000000      237.000000
248.000000      231.000000      272.000000      246.000000      268.000000      242.000000      263.000000      245.000000      274.000000      237.000000
248.000000      231.000000      272.000000      246.000000      268.000000      242.000000      263.000000      245.000000      274.000000      237.000000
248.000000      231.000000      272.000000      246.000000      269.000000      242.000000      263.000000      245.000000      274.000000      237.000000
248.000000      231.000000      272.000000      246.000000      268.000000      242.000000      263.000000      245.000000      274.000000      237.000000
248.000000      231.000000      272.000000      246.000000      268.000000      241.000000      263.000000      245.000000      274.000000      237.000000
248.000000      231.000000      272.000000      247.000000      268.000000      243.000000      263.000000      245.000000      274.000000      237.000000
248.000000      230.000000      272.000000      245.000000      268.000000      241.000000      263.000000      245.000000      274.000000      237.000000
248.000000      231.000000      272.000000      246.000000      268.000000      242.000000      263.000000      245.000000      274.000000      237.000000
247.000000      231.000000      272.000000      246.000000      268.000000      242.000000      263.000000      245.000000      274.000000      237.000000
248.000000      231.000000      272.000000      246.000000      268.000000      242.000000      263.000000      245.000000      274.000000      237.000000
247.000000      231.000000      272.000000      246.000000      268.000000      242.000000      263.000000      245.000000      274.000000      237.000000
247.000000      231.000000      272.000000      246.000000      268.000000      242.000000      263.000000      245.000000      274.000000      237.000000
247.000000      231.000000      272.000000      246.000000      268.000000      242.000000      263.000000      245.000000      274.000000      237.000000
247.000000      232.000000      272.000000      247.000000      268.000000      242.000000      263.000000      245.000000      274.000000      238.000000
248.000000      231.000000      272.000000      246.000000      269.000000      242.000000      263.000000      245.000000      274.000000      237.000000
248.000000      231.000000      272.000000      247.000000      268.000000      242.000000      263.000000      245.000000      274.000000      237.000000
247.000000      232.000000      272.000000      247.000000      269.000000      242.000000      263.000000      245.000000      274.000000      238.000000
247.000000      231.000000      272.000000      246.000000      268.000000      241.000000      263.000000      245.000000      274.000000      237.000000
247.000000      231.000000      272.000000      247.000000      268.000000      242.000000      263.000000      245.000000      274.000000      237.000000
248.000000      231.000000      272.000000      246.000000      268.000000      242.000000      263.000000      245.000000      274.000000      237.000000
248.000000      231.000000      272.000000      245.000000      268.000000      241.000000      263.000000      245.000000      274.000000      237.000000
248.000000      231.000000      272.000000      246.000000      268.000000      241.000000      263.000000      245.000000      274.000000      237.000000
248.000000      232.000000      272.000000      247.000000      268.000000      242.000000      263.000000      245.000000      274.000000      237.000000
248.000000      231.000000      272.000000      247.000000      269.000000      242.000000      263.000000      245.000000      274.000000      238.000000
247.000000      231.000000      272.000000      246.000000      268.000000      242.000000      263.000000      245.000000      274.000000      237.000000
248.000000      231.000000      272.000000      246.000000      268.000000      241.000000      263.000000      245.000000      274.000000      237.000000
248.000000      232.000000      272.000000      247.000000      268.000000      243.000000      263.000000      245.000000      274.000000      238.000000
247.000000      230.000000      272.000000      246.000000      268.000000      241.000000      263.000000      245.000000      274.000000      237.000000
248.000000      231.000000      272.000000      246.000000      269.000000      242.000000      263.000000      245.000000      274.000000      237.000000
248.000000      231.000000      272.000000      247.000000      269.000000      242.000000      263.000000      245.000000      274.000000      238.000000
248.000000      231.000000      272.000000      246.000000      268.000000      242.000000      263.000000      245.000000      274.000000      237.000000
248.000000      231.000000      272.000000      247.000000      269.000000      242.000000      263.000000      245.000000      274.000000      237.000000
247.000000      231.000000      272.000000      246.000000      268.000000      242.000000      263.000000      245.000000      274.000000      237.000000
248.000000      231.000000      272.000000      246.000000      268.000000      242.000000      263.000000      245.000000      274.000000      237.000000
248.000000      231.000000      272.000000      246.000000      268.000000      242.000000      263.000000      245.000000      274.000000      237.000000
248.000000      231.000000      272.000000      247.000000      269.000000      242.000000      263.000000      245.000000      274.000000      238.000000
247.000000      231.000000      272.000000      246.000000      268.000000      241.000000      263.000000      245.000000      274.000000      237.000000
248.000000      232.000000      272.000000      247.000000      269.000000      242.000000      263.000000      245.000000      274.000000      238.000000
248.000000      231.000000      272.000000      246.000000      268.000000      241.000000      263.000000      245.000000      274.000000      237.000000
248.000000      231.000000      272.000000      246.000000      268.000000      242.000000      263.000000      245.000000      274.000000      237.000000
247.000000      231.000000      272.000000      246.000000      268.000000      242.000000      263.000000      245.000000      274.000000      237.000000
248.000000      231.000000      272.000000      246.000000      268.000000      242.000000      263.000000      245.000000      274.000000      237.000000
247.000000      231.000000      272.000000      246.000000      268.000000      241.000000      263.000000      245.000000      274.000000      237.000000
248.000000      231.000000      272.000000      246.000000      268.000000      242.000000      263.000000      245.000000      274.000000      237.000000
247.000000      231.000000      272.000000      246.000000      268.000000      242.000000      263.000000      245.000000      274.000000      238.000000
247.000000      231.000000      272.000000      246.000000      268.000000      242.000000      263.000000      245.000000      274.000000      237.000000
247.000000      231.000000      272.000000      246.000000      268.000000      242.000000      263.000000      245.000000      274.000000      237.000000
248.000000      230.000000      272.000000      246.000000      268.000000      241.000000      263.000000      245.000000      274.000000      237.000000
248.000000      231.000000      272.000000      246.000000      268.000000      242.000000      263.000000      245.000000      274.000000      237.000000
248.000000      232.000000      272.000000      247.000000      269.000000      243.000000      263.000000      245.000000      274.000000      238.000000
247.000000      230.000000      272.000000      245.000000      268.000000      241.000000      263.000000      245.000000      274.000000      237.000000
247.000000      231.000000      272.000000      246.000000      268.000000      241.000000      263.000000      245.000000      274.000000      237.000000
248.000000      231.000000      272.000000      246.000000      268.000000      242.000000      263.000000      245.000000      274.000000      237.000000

