PMT0low PMT0hig PMT1low PMT1hig PMT2low PMT2hig SPMTlow SPMThig SSDlow  SSDhig
0.555278        2.385721        0.648074        2.336308        1.006645        2.320201        0.684349        1.058300        0.779957        2.102380
1.038428        2.182888        0.536967        2.450170        1.027943        2.319483        0.719954        0.954812        0.678233        2.150194
0.546199        2.251666        0.679461        2.332023        0.585947        2.467793        0.718795        1.143095        0.972968        2.116207
1.066146        2.305067        0.543139        2.359025        0.973824        2.319483        0.639010        0.972968        0.739369        2.150969
1.079352        2.247221        0.680686        2.159475        0.613732        2.480591        0.703562        0.567157        0.921954        2.051016
0.606905        2.292742        0.734847        2.390607        0.583095        2.359025        0.867948        1.058300        0.978945        1.987880
0.580230        2.377323        0.552268        2.460352        1.128421        2.374868        0.674537        0.942514        0.804156        2.185559
1.003328        2.407627        0.620484        2.315887        1.022252        2.428648        0.746101        1.020621        0.809321        2.055480
0.553775        2.366784        0.543139        2.354429        1.115796        2.431392        0.707107        1.041633        0.907377        2.065188
0.578792        2.342008        0.581664        2.246108        1.114301        2.281812        0.678233        0.928260        0.972111        1.930458
0.936305        2.166795        0.571548        2.219985        1.019804        2.327015        0.606905        0.960902        0.798958        2.042058
1.049603        2.426932        0.602771        2.274496        0.945163        2.499333        0.648074        0.911043        0.823610        2.046134
1.083974        2.269361        0.567157        2.393045        0.993311        2.449830        0.687992        0.995825        0.710634        2.083267
1.106797        2.276694        0.657013        2.228228        1.090107        2.310123        0.687992        1.080123        0.867948        2.254625
1.069268        2.290196        0.581664        2.338803        0.993311        2.277791        0.697615        1.134313        0.912871        2.114632
0.561249        2.244623        0.657013        2.336664        0.896289        2.424871        0.677003        1.149638        0.860233        2.224859
0.567157        2.332738        0.578792        2.289833        1.031988        2.555712        0.625833        0.901850        0.803119        2.009975
0.593015        2.366432        0.573004        2.365023        1.078579        2.320919        0.805191        1.114301        0.808290        2.244623
0.578792        2.368192        0.731437        2.236813        0.535413        2.303258        0.705927        1.140906        0.932738        2.159089
1.094684        2.263110        0.588784        2.407627        1.060660        2.414884        0.760482        0.899074        0.877496        1.990394
1.002497        2.349823        0.584523        2.242766        0.994987        2.355844        0.625833        0.879394        0.721110        2.304705
1.017349        2.296374        0.541603        2.346984        1.142366        2.607042        0.683130        1.038428        0.797914        2.148255
0.575905        2.259425        0.640312        2.251296        1.135048        2.244252        0.852447        1.093161        0.878446        2.052640
0.570088        2.310844        0.587367        2.470155        1.077033        2.398958        0.697615        0.925563        0.827647        2.238675
0.538516        2.179832        0.573004        2.161404        1.093923        2.490649        0.669577        0.971253        0.977241        2.004578
1.097725        2.229350        0.558271        2.341652        1.033602        2.416609        0.609645        0.930054        0.754983        2.220360
1.040032        2.525206        0.588784        2.394090        0.987421        2.534101        0.635085        0.946925        0.759386        2.374868
1.094684        2.092845        0.532291        2.289833        1.000000        2.490984        0.724569        0.976388        0.966954        2.136196
1.120268        2.463737        0.583095        2.323431        1.108302        2.360085        0.789515        1.120268        0.856349        2.026491
1.140175        2.308679        0.658281        2.320560        1.115796        2.309040        0.789515        0.997497        0.894427        2.051016
1.013246        2.427619        0.595819        2.319842        1.060660        2.370654        0.723418        0.931844        0.938083        2.298188
1.074709        2.386420        0.651920        2.362908        0.547723        2.302897        0.775672        1.106044        0.879394        2.275595
1.108302        2.200379        0.613732        2.242394        1.090871        2.382925        0.735980        1.028753        0.887881        2.104361
0.595819        2.294559        0.600000        2.138535        1.074709        2.527515        0.719954        1.026320        0.919239        2.122106
1.080123        2.298913        0.584523        2.209826        1.058300        2.150194        0.613732        0.972968        0.701189        2.220360
1.115796        2.373816        0.583095        2.486631        0.574456        2.428305        0.737112        1.005816        0.904618        2.078060
0.591608        2.242023        0.615088        2.452210        0.550757        2.442335        0.809321        1.132843        0.907377        2.053046
1.109054        2.296737        0.590198        2.497999        1.077033        2.363966        0.665833        1.044031        0.903696        1.879273
1.045626        2.170254        0.623164        2.217732        0.963501        2.351241        0.660808        1.034408        0.856349        2.150194
1.106797        2.268259        0.631137        2.303620        1.048014        2.369247        0.728011        1.063798        0.877496        2.103965
0.570088        2.427619        0.535413        2.190510        0.974679        2.234577        0.695222        0.956556        0.850490        2.255733
1.113553        2.222611        0.604152        2.299275        1.057513        2.562876        0.669577        0.999166        0.776745        2.286190
0.573004        2.346629        0.621825        2.314447        1.145280        2.379426        0.747217        0.969536        0.839643        2.150581
1.121011        2.171789        0.654472        2.246108        1.129897        2.418333        0.788458        0.948683        0.981495        2.027725
1.078579        2.406588        0.591608        2.408665        1.012423        2.361144        0.790569        1.059874        0.869866        2.258687
1.083205        2.183651        0.620484        2.389561        0.932738        2.497999        0.744983        0.958297        0.789515        2.065591
1.041633        2.223736        0.567157        2.241651        1.068488        2.220736        0.637704        0.973824        0.900000        1.973575
0.547723        2.487971        0.637704        2.331309        0.590198        2.490315        0.772442        0.948683        0.866025        2.118962
0.580230        2.214724        0.578792        2.314447        1.040032        2.452210        0.777817        1.062230        0.876546        2.074046
0.565685        2.224859        0.549242        2.401389        1.046422        2.318405        0.664580        0.980646        0.754983        2.028957
1.014889        2.203785        0.546199        2.331309        1.047219        2.354782        0.651920        0.899074        0.751665        2.184796
0.588784        2.154066        0.546199        2.254625        1.124722        2.433790        0.651920        1.008299        0.774597        2.096028
1.051982        2.341652        0.525991        2.316607        1.099242        2.504662        0.768115        1.023881        0.889757        2.125245
0.540062        2.350177        0.624500        2.411777        0.570088        2.407281        0.794775        1.087811        0.754983        2.215476
1.107550        2.323431        0.568624        2.157159        0.950438        2.286919        0.642910        0.974679        0.781025        1.951068
1.066146        2.364318        0.598610        2.281082        1.143824        2.260900        0.672062        1.038428        0.961769        1.979478
0.558271        2.232711        0.561249        2.490315        0.970395        2.360438        0.653197        1.063798        0.914695        2.146315
0.553775        2.506325        0.597216        2.395482        1.059088        2.426932        0.716473        1.151810        0.931844        2.077659
0.553775        2.251296        0.578792        2.248333        1.087045        2.367488        0.762671        1.083974        0.855375        2.069219
1.093923        2.225983        0.543139        2.248703        1.035213        2.477902        0.683130        1.097725        0.938971        2.013289
0.953065        2.470493        0.571548        2.508652        1.112055        2.483277        0.737112        1.071603        0.825631        2.294922
1.093923        2.339159        0.553775        2.118569        0.955685        2.348759        0.615088        0.982344        0.788458        2.147091
1.130634        2.228228        0.625833        2.265318        1.096966        2.207563        0.741620        0.981495        0.852447        2.089258
1.055146        2.268627        0.665833        2.213971        1.041633        2.305067        0.763763        1.014889        0.767029        2.198484
0.533854        2.316607        0.629815        2.203407        1.061446        2.362908        0.619139        1.043232        0.847545        2.069622
0.585947        2.240164        0.550757        2.221486        0.990791        2.461707        0.679461        0.921050        0.770281        2.012875
0.575905        2.307957        0.654472        2.282177        0.606905        2.403470        0.817517        1.139444        0.860233        2.201515
1.023881        2.446085        0.559762        2.322355        0.965229        2.467117        0.687992        1.009125        0.743864        2.187083
1.094684        2.334523        0.608276        2.420399        1.048809        2.345563        0.683130        1.026320        0.990791        2.205674
1.105290        2.294922        0.585947        2.356905        1.023881        2.461707        0.683130        1.049603        0.902773        1.903506
0.900925        2.349468        0.591608        2.596151        0.986577        2.432420        0.692820        1.007472        0.834666        2.123284
0.556776        2.439262        0.574456        2.490984        1.111306        2.338447        0.704746        1.093923        0.803119        2.071634
1.122497        2.511308        0.536967        2.273763        1.030372        2.508984        0.587367        0.882232        0.846562        2.030599
1.059874        2.333452        0.604152        2.333452        0.567157        2.373816        0.888819        1.034408        0.857321        2.363966
1.046422        2.423840        0.540062        2.367488        1.126943        2.250185        0.712975        0.978093        0.784219        2.098809
1.083205        2.422120        0.552268        2.358319        1.090107        2.329163        0.721110        0.978945        0.835663        2.119355
0.926463        2.257211        0.564210        2.287284        1.031181        2.237186        0.658281        0.979796        0.858293        2.228976
0.547723        2.444722        0.660808        2.359378        1.069268        2.413158        0.695222        1.049603        0.926463        2.211334
0.553775        2.175622        0.651920        2.206052        1.118779        2.470830        0.775672        0.605530        0.896289        2.114237
0.535413        2.224485        0.606905        2.501666        0.590198        2.331309        0.615088        1.070047        0.830662        2.072840
1.021437        2.515949        0.608276        2.478575        1.110555        2.402776        0.689202        1.070825        0.846562        2.207563
0.926463        2.259056        0.574456        2.339872        1.028753        2.437212        0.641613        0.948683        0.732575        2.154453
0.912871        2.358672        0.639010        2.445404        1.035213        2.326299        0.628490        0.962635        0.890693        2.209072
1.062230        2.227106        0.653197        2.273397        0.959166        2.224110        0.664580        1.025508        0.881287        1.968079
0.968676        2.309762        0.585947        2.407281        0.977241        2.558320        0.632456        0.970395        0.728011        2.088460
0.608276        2.305790        0.605530        2.328089        1.123239        2.303982        0.697615        1.090871        0.825631        2.087662
1.000000        2.190890        0.550757        2.161789        0.906458        2.378375        0.621825        0.978945        0.869866        2.017424
1.042433        2.300362        0.575905        2.330236        1.140906        2.271930        0.703562        0.962635        0.822598        2.055480
1.073157        2.223361        0.606905        2.266789        1.006645        2.437212        0.704746        0.948683        0.843603        2.234950
0.567157        2.259425        0.567157        2.298550        1.106044        2.298550        0.722265        1.153979        0.902773        2.061957
0.559762        2.303982        0.620484        2.333095        1.043232        2.414884        0.732575        1.114301        0.810350        2.082466
1.072381        2.155226        0.552268        2.552450        0.580230        2.516943        0.695222        0.983192        0.785281        1.919635
0.573004        2.337021        0.605530        2.330236        0.583095        2.324149        0.718795        1.140906        0.827647        2.124853
1.135048        2.223361        0.562731        2.294559        1.050397        2.375219        0.631137        0.892562        0.775672        2.073242
1.009125        2.218107        0.627163        2.405203        1.107550        2.337021        0.660808        1.019804        0.896289        2.162560
0.555278        2.228602        0.608276        2.552450        0.567157        2.429677        0.631137        1.007472        0.858293        2.098015
1.143824        2.379776        0.544671        2.271930        1.115796        2.495329        0.602771        0.859263        0.810350        2.176771
0.615088        2.424184        0.730297        2.413849        0.594418        2.230844        0.718795        1.004158        0.975534        2.076054
0.583095        2.294559        0.631137        2.403470        1.096206        2.456285        0.655744        0.960902        0.782091        2.035518
1.040032        2.353720        0.564210        2.369599        1.125463        2.358672        0.698808        1.023067        0.953065        2.040833
0.564210        2.175239        0.613732        2.287648        0.577350        2.466779        0.763763        1.190238        0.960035        2.059531
0.577350        2.449150        0.667083        2.401389        1.140175        2.379076        0.695222        1.156143        0.876546        2.127988
0.561249        2.514955        0.578792        2.308318        0.571548        2.464751        0.789515        0.958297        0.946044        1.902630
1.106797        2.408665        0.533854        2.298550        1.074709        2.358672        0.639010        1.049603        0.942514        2.407281
0.558271        2.239419        0.678233        2.322355        0.602771        2.362908        0.786342        1.112055        1.040833        2.081266
0.564210        2.330594        0.540062        2.222236        1.003328        2.393742        0.632456        1.131371        0.770281        2.073242
0.555278        2.357258        0.565685        2.361144        0.570088        2.241279        0.711805        1.116542        0.879394        2.158703
0.856349        2.292015        1.107550        2.378024        1.047219        2.455266        0.556776        0.872735        0.749444        2.192411
0.568624        2.246479        0.604152        2.288741        1.134313        2.435501        0.703562        0.561249        0.923760        2.156386
1.141636        2.232711        0.562731        2.313367        1.018168        2.282907        0.644205        1.045626        0.758288        2.133854
1.087811        2.382925        0.535413        2.465090        0.977241        2.382576        0.646787        1.004158        0.730297        2.236441
1.114301        2.512635        0.570088        2.298550        1.032796        2.320201        0.606905        0.925563        0.775672        2.049390
0.561249        2.229723        0.561249        2.298188        1.152533        2.340940        0.712975        1.065364        0.781025        2.013289
1.028753        2.324507        0.597216        2.279620        1.100757        2.412813        0.708284        0.802081        0.761577        2.062361
1.028753        2.352658        0.544671        2.277791        0.538516        2.432420        0.642910        0.984039        0.740495        2.263846
0.982344        2.275229        0.561249        2.392349        0.573004        2.394438        0.604152        0.963501        0.748331        2.306151
0.553775        2.346984        0.705927        2.338447        0.581664        2.398611        0.785281        1.140175        0.784219        2.128380
1.009125        2.241651        0.581664        2.499667        1.022252        2.362908        0.712975        1.023067        0.866025        1.983683
1.138713        2.110687        0.654472        2.420399        1.106044        2.287284        0.696419        1.087045        0.937194        2.007901
1.072381        2.372762        0.612372        2.288741        0.571548        2.593261        0.627163        0.895358        0.847545        2.155226
1.016530        2.293469        0.627163        2.156772        1.055146        2.460352        0.659545        0.979796        0.895358        2.196588
1.018986        2.484619        0.556776        2.583280        1.120268        2.416954        0.604152        0.860233        0.866987        2.198105
0.590198        2.392001        0.581664        2.319124        1.074709        2.419366        0.719954        1.098484        0.824621        2.289104
0.562731        2.236068        0.595819        2.297100        0.519615        2.379776        0.674537        1.114301        0.847545        1.971463
0.544671        2.479247        0.600000        2.414194        1.042433        2.282542        0.711805        1.020621        0.943398        2.176771
0.581664        2.230097        0.689202        2.372762        0.590198        2.414884        0.738241        1.064581        0.975534        2.240164
1.149638        2.249815        0.580230        2.385372        1.004988        2.233458        0.645497        1.045626        0.856349        2.254625
0.629815        2.316607        0.657013        2.242394        1.086278        2.356198        0.730297        1.040833        0.816497        2.177537
0.994987        2.298188        0.553775        2.273397        1.012423        2.489645        0.594418        0.803119        0.654472        1.950214
1.054356        2.133073        0.538516        2.268259        1.036018        2.528175        0.681909        0.979796        0.843603        2.256841
0.578792        2.292015        0.571548        2.407281        1.128421        2.295648        0.747217        1.011599        0.829659        2.277425
1.055936        2.259056        0.522813        2.227480        1.018168        2.283638        0.595819        0.885061        0.756086        2.057912
1.154701        2.299638        0.587367        2.057101        1.056725        2.561575        0.679461        0.964365        0.770281        2.035518
1.109805        2.277425        0.598610        2.253886        0.984886        2.461707        0.585947        0.903696        0.785281        2.190129
0.556776        2.447448        0.650641        2.401389        1.121755        2.278888        0.718795        1.040833        0.815475        2.120142
1.066146        2.424871        0.641613        2.347339        1.025508        2.293469        0.600000        0.758288        0.746101        2.167948
1.064581        2.397568        0.573004        2.398611        1.099242        2.348404        0.680686        1.011599        0.784219        2.195070
1.039230        2.289469        0.558271        2.230844        1.054356        2.366080        0.616441        0.990791        0.797914        2.068010
1.146008        2.206052        0.568624        2.202271        1.029563        2.411431        0.559762        0.782091        0.751665        2.035518
0.529150        2.331309        0.636396        2.404510        1.137981        2.367488        0.767029        1.040032        0.791623        2.126029
0.562731        2.309040        0.712975        2.209449        0.564210        2.375219        0.786342        0.594418        0.946044        2.035518
1.072381        2.159089        0.547723        2.221486        0.994987        2.482270        0.675771        0.893495        0.866025        1.957890
0.562731        2.495329        0.633772        2.310844        1.095445        2.396178        0.728011        0.936305        0.856349        2.091650
1.118779        2.285826        0.587367        2.206808        1.039230        2.432763        0.642910        0.961769        0.903696        2.094835
1.143824        2.396873        0.573004        2.371357        0.575905        2.385023        0.695222        1.086278        0.953939        2.256472
1.138713        2.352658        0.562731        2.371005        1.067708        2.367136        0.620484        0.867948        0.899074        2.025669
0.593015        2.291651        0.660808        2.523226        0.583095        2.316966        0.654472        0.984886        0.849510        2.051422
0.567157        2.292379        0.527573        2.213594        1.121011        2.313007        0.628490        0.959166        0.827647        2.090853
1.135782        2.363966        0.518009        2.357965        1.047219        2.410048        0.632456        0.946925        0.837655        1.979899
0.549242        2.295648        0.562731        2.260531        1.006645        2.323431        0.611010        0.906458        0.843603        2.178684
0.558271        2.346984        0.555278        2.343075        1.119524        2.463399        0.737112        0.950438        0.879394        2.117388
1.117288        2.225609        0.678233        2.277060        1.083974        2.468130        0.754983        1.039230        0.798958        2.141650
1.094684        2.421776        0.642910        2.221486        1.131371        2.400347        0.731437        1.044031        0.927362        2.328089
0.553775        2.274496        0.530723        2.209826        0.583095        2.422464        0.731437        0.946925        0.876546        2.152518
0.591608        2.439262        0.588784        2.327373        1.059874        2.273397        0.711805        0.996661        0.972968        2.178302
1.156864        2.357965        0.665833        2.384324        1.048014        2.356198        0.746101        1.094684        0.860233        2.121713
0.541603        2.394786        0.571548        2.501333        1.044031        2.406242        0.733712        0.949561        0.953939        2.054264
0.999166        2.390955        0.585947        2.434132        1.060660        2.410394        0.636396        0.777817        0.815475        2.055075
0.997497        2.235322        0.544671        2.334167        1.098484        2.417988        0.700000        0.930054        0.857321        2.217732
0.577350        2.423152        0.556776        2.426932        0.558271        2.188226        0.848528        0.559762        0.811377        2.300000
0.972111        2.275961        0.575905        2.267157        0.604152        2.538701        0.722265        0.864099        0.881287        1.987461
1.055936        2.286919        0.570088        2.283273        1.112804        2.567100        0.646787        1.005816        0.778888        2.009146
1.004988        2.209826        0.565685        2.211334        1.076259        2.430363        0.739369        0.930054        0.758288        2.082066
1.104536        2.205674        0.541603        2.169101        1.126203        2.206430        0.738241        0.964365        0.910128        2.093641
1.038428        2.374166        0.580230        2.308318        1.034408        2.269728        0.743864        0.993311        0.919239        2.213218
0.930054        2.318405        0.577350        2.311926        1.058300        2.225234        0.744983        0.973824        0.816497        2.179832
0.886002        2.245737        0.522813        2.424527        0.953939        2.274130        0.715309        0.853424        0.753879        2.075251
0.543139        2.335951        0.568624        2.402429        0.583095        2.372762        0.779957        0.983192        0.833667        2.086065
0.558271        2.412468        0.544671        2.282542        0.585947        2.474874        0.857321        1.058300        0.893495        2.101190
1.104536        2.324866        0.574456        2.279254        0.538516        2.381176        0.684349        0.902773        0.732575        2.054670
1.034408        2.237931        0.611010        2.313727        1.067708        2.379776        0.770281        1.025508        0.804156        2.039199
1.090107        2.428305        0.568624        2.316966        1.077033        2.437895        0.760482        0.946925        0.937194        2.209072
1.076259        2.161789        0.536967        2.249815        1.018986        2.307957        0.733712        0.930054        0.890693        2.128771
1.045626        2.311205        1.130634        2.342008        0.961769        2.360085        0.613732        0.871780        0.665833        1.954482
0.570088        2.439604        0.654472        2.368896        0.605530        2.407627        0.737112        1.063015        0.911043        2.291288
1.115796        2.489311        0.640312        2.379076        1.126203        2.245366        0.779957        1.062230        0.890693        1.971886
0.574456        2.277425        0.556776        2.300725        1.096966        2.190890        0.779957        0.924662        0.787401        2.050610
1.033602        2.290196        0.585947        2.374868        1.077806        2.374868        0.645497        0.875595        0.790569        2.198863
1.054356        2.334167        0.593015        2.360791        1.056725        2.380476        0.711805        0.926463        0.853424        2.148643
0.988265        2.349468        0.624500        2.427619        1.056725        2.330236        0.750555        1.055146        0.890693        2.236813
1.044829        2.195070        0.547723        2.355136        1.077806        2.555712        0.663325        0.898146        0.820569        1.981161
1.061446        2.383974        0.591608        2.274130        0.591608        2.290196        0.815475        0.967815        0.876546        2.015358
0.575905        2.194690        0.641613        2.135416        0.584523        2.471504        0.834666        1.112055        0.968676        2.094039
0.556776        2.225609        0.672062        2.328447        0.561249        2.348049        0.868907        1.056725        0.991632        2.189749
0.585947        2.496331        0.536967        2.345563        1.006645        2.157931        0.715309        0.927362        0.778888        2.280716
1.103026        2.315167        0.636396        2.288741        1.144552        2.412468        0.735980        1.090871        0.873689        2.020314
1.141636        2.237558        0.575905        2.295285        1.115796        2.550164        0.735980        0.931844        0.841625        2.117782
1.140175        2.502332        0.613732        2.505993        1.133578        2.473526        0.677003        0.981495        0.879394        2.186702
1.139444        2.470830        0.640312        2.403816        0.550757        2.396525        0.824621        1.049603        0.853424        2.108317
1.031181        2.350886        0.633772        2.454927        1.001665        2.340228        0.681909        0.822598        0.793725        2.180978
1.096206        2.365375        0.541603        2.458658        1.016530        2.403470        0.740495        0.997497        0.843603        2.157545
1.132843        2.310123        0.540062        2.375219        0.978093        2.448128        0.675771        0.778888        0.757188        1.981582
1.036822        2.362555        0.583095        2.459336        1.004988        2.318764        0.715309        0.916515        0.733712        1.941649
0.567157        2.372762        0.584523        2.407627        1.083205        2.374868        0.798958        0.973824        1.005816        2.100000
1.018986        2.222986        0.533854        2.358672        0.952190        2.299638        0.653197        0.872735        0.812404        2.085665
0.574456        2.378725        0.533854        2.427962        1.123981        2.416954        0.828654        1.077033        0.769199        2.298188
0.601387        2.301087        0.639010        2.327731        1.121755        2.142040        0.796869        1.120268        0.905538        2.055480
0.547723        2.321278        0.555278        2.319124        1.009951        2.298550        0.803119        0.903696        0.954812        2.063977
0.556776        2.234204        0.612372        2.323790        1.090107        2.380476        0.769199        1.009951        0.887881        2.167179
0.564210        2.293106        0.679461        2.463399        1.015710        2.366432        0.740495        0.994150        0.809321        1.954056
1.065364        2.329878        0.574456        2.281812        0.961769        2.328805        0.637704        0.957427        0.700000        2.162175
1.108302        2.231591        0.628490        2.234577        1.119524        2.480255        0.670820        0.999166        0.772442        1.962566
1.023881        2.193931        0.550757        2.342364        0.972111        2.281447        0.705927        0.930054        0.718795        2.116601
1.086278        2.306513        0.567157        2.446767        1.100757        2.316607        0.700000        1.083205        0.946044        2.232711
0.952190        2.485625        0.556776        2.322714        0.553775        2.431392        0.709460        0.891628        0.860233        2.187845
1.070047        2.554734        0.594418        2.239419        1.115796        2.359025        0.717635        0.894427        0.798958        2.035518
0.954812        2.402776        0.581664        2.294559        0.571548        2.418333        0.753879        0.864099        0.827647        2.117388
1.036018        2.246108        0.570088        2.539029        0.532291        2.519590        0.860233        1.085511        0.859263        2.250185
1.085511        2.564501        0.597216        2.142817        1.082435        2.445404        0.635085        1.030372        0.886942        2.111477
1.000000        2.236068        0.562731        2.301811        0.951315        2.375219        0.674537        0.778888        0.929157        2.019076
1.070047        2.359732        0.562731        2.264950        1.066927        2.393394        0.708284        1.011599        0.820569        2.029368
0.564210        2.264582        0.597216        2.285826        1.047219        2.375570        0.771362        1.007472        0.832666        1.995829
0.574456        2.363966        0.555278        2.331309        0.559762        2.277425        0.765942        1.025508        0.897218        2.100000
0.516398        2.239792        0.658281        2.193551        0.552268        2.310483        0.739369        0.991632        0.928260        2.103965
0.594418        2.274863        0.577350        2.430021        1.069268        2.302535        0.763763        1.013246        0.758288        2.090455
0.948683        2.565476        0.559762        2.212465        1.062230        2.424527        0.617792        0.959166        0.711805        2.277425
0.992472        2.293106        0.533854        2.334523        1.100000        2.320919        0.765942        0.891628        0.784219        2.193931
0.577350        2.226732        0.601387        2.383974        1.106044        2.298188        0.769199        1.053565        0.723418        2.028957
0.990791        2.419711        0.561249        2.340940        1.103781        2.244252        0.700000        0.918332        0.779957        2.113843
1.033602        2.312286        0.550757        2.389909        0.966092        2.383625        0.662067        0.936305        0.889757        2.059531
1.024695        2.434475        0.585947        2.233458        0.983192        2.322355        0.702377        0.832666        0.787401        2.026491
1.117288        2.284002        0.567157        2.324149        1.053565        2.496998        0.737112        1.012423        0.830662        1.997081
0.615088        2.311926        0.608276        2.374868        1.135048        2.365375        0.769199        0.939858        0.823610        2.149806
0.591608        2.192031        0.665833        2.482270        0.556776        2.447788        0.802081        0.573004        0.960902        1.880603
0.529150        2.266422        0.584523        2.420744        1.073157        2.323790        0.609645        0.913783        0.889757        2.145538
0.583095        2.461368        0.590198        2.385372        1.100757        2.271930        0.648074        0.981495        0.880341        2.228228
0.580230        2.335237        0.567157        2.218858        1.126943        2.607361        0.654472        0.917424        0.838650        2.055075
0.578792        2.337021        0.595819        2.385721        0.584523        2.371708        0.667083        0.947804        0.833667        2.312646
0.544671        2.200758        0.597216        2.239792        1.118034        2.508319        0.624500        0.955685        0.858293        2.287284
0.598610        2.332738        0.625833        2.354074        1.136515        2.313007        0.625833        1.046422        0.936305        2.148643
0.578792        2.333809        0.721110        2.375921        0.577350        2.318045        0.739369        0.605530        0.895358        2.231965
1.144552        2.516280        0.588784        2.234950        1.080123        2.356551        0.741620        1.003328        0.844591        2.023611
1.145280        2.199242        0.601387        2.125637        1.107550        2.472178        0.689202        1.027943        0.891628        1.944651
1.063015        2.204163        0.583095        2.445404        1.118034        2.262005        0.679461        0.946044        0.770281        2.115420
0.581664        2.316607        0.598610        2.231965        1.118779        2.247591        0.774597        1.036018        0.853424        1.896927
1.086278        2.375921        0.593015        2.298913        1.053565        2.381876        0.692820        0.972111        0.835663        2.072840
0.587367        2.390258        0.619139        2.411431        0.543139        2.376973        0.665833        1.027132        0.846562        2.271196
1.070047        2.357612        0.637704        2.481263        1.101514        2.369247        0.719954        1.104536        0.899074        2.188607
0.659545        2.493325        0.758288        2.296374        0.568624        2.517936        0.841625        1.121011        0.892562        2.035109
1.113553        2.246479        0.615088        2.394090        1.039230        2.530152        0.762671        0.938083        0.758288        2.133073
1.055146        2.154066        0.568624        2.380476        1.004158        2.382576        0.690410        0.958297        0.843603        1.872165
1.048809        2.313727        0.571548        2.206430        1.078579        2.446767        0.698808        1.120268        0.871780        2.101983
0.561249        2.168333        0.675771        2.271930        0.529150        2.381876        0.805191        0.901850        0.808290        2.148255
0.575905        2.360438        0.546199        2.250926        0.565685        2.347339        0.703562        1.096206        0.848528        2.259425
0.533854        2.259425        0.605530        2.246479        0.553775        2.304705        0.704746        1.010775        0.857321        1.967655
1.013246        2.463737        0.568624        2.350886        1.133578        2.500667        0.744983        0.982344        0.716473        2.099603
1.129159        2.339159        0.580230        2.337021        0.547723        2.294559        0.685565        0.917424        0.705927        2.155613
1.088577        2.215852        0.668331        2.278888        0.559762        2.491318        0.774597        1.048014        0.834666        1.968925
0.571548        2.176389        0.646787        2.218858        0.612372        2.302173        0.739369        1.026320        1.011599        2.145149
1.021437        2.113843        0.633772        2.259425        1.140175        2.247221        0.801041        1.048809        0.894427        1.996246
0.570088        2.415919        0.600000        2.463399        1.014889        2.317326        0.714143        0.902773        0.824621        2.256841
1.060660        2.325941        0.611010        2.311926        0.570088        2.253146        0.733712        1.026320        0.889757        2.037155
1.119524        2.272664        0.613732        2.291288        0.577350        2.559948        0.758288        1.009125        0.844591        2.236813
1.106797        2.419022        0.558271        2.338090        1.060660        2.469143        0.734847        0.915605        0.764853        2.163716
1.110555        2.356198        0.621825        2.270463        1.067708        2.488976        0.662067        0.951315        0.712975        2.111871
1.061446        2.367136        0.567157        2.328805        1.127682        2.655184        0.707107        0.961769        0.788458        2.019488
1.100000        2.446767        0.570088        2.497332        0.530723        2.516280        0.665833        1.070825        0.740495        1.996664
1.097725        2.356198        0.617792        2.335951        0.926463        2.479247        0.641613        0.891628        0.765942        2.068816
1.083205        2.512966        0.651920        2.309762        1.061446        2.475884        0.756086        0.984886        0.813429        2.190129
0.571548        2.393045        0.696419        2.337021        0.624500        2.377323        0.773520        1.060660        0.926463        2.176771
0.577350        2.340228        0.617792        2.162175        1.109805        2.447788        0.763763        1.036822        0.877496        2.188987
1.059874        2.369951        0.581664        2.296011        1.005816        2.578759        0.654472        0.872735        0.886002        2.122891
1.116542        2.193171        0.609645        2.239792        1.074709        2.253146        0.700000        0.988265        0.863134        1.984104
0.550757        2.292742        0.679461        2.386420        1.105290        2.196588        0.741620        1.067708        0.824621        2.051016
1.013246        2.310844        0.590198        2.369247        0.833667        2.475884        0.700000        0.981495        0.748331        2.042874
1.100757        2.481263        0.552268        2.421432        0.944281        2.315527        0.619139        0.887881        0.894427        2.069219
0.561249        2.334167        0.609645        2.325224        0.535413        2.356905        0.795822        1.053565        0.931844        2.119355
1.113553        2.494661        0.581664        2.296011        1.041633        2.362555        0.659545        0.893495        0.789515        2.057912
0.984886        2.286190        0.553775        2.296737        1.058300        2.206430        0.594418        0.813429        0.777817        2.191651
1.101514        2.340228        0.567157        2.392697        1.027132        2.340940        0.673300        0.943398        0.742743        2.416954
0.672062        2.149031        0.633772        2.226357        0.558271        2.470493        0.971253        0.597216        0.948683        2.073644
0.930949        2.319483        0.553775        2.289833        0.912871        2.394090        0.565685        0.822598        0.651920        2.168333
1.040833        2.216980        0.583095        2.295285        1.061446        2.564826        0.663325        0.892562        0.804156        2.117782
0.552268        2.398958        0.530723        2.341296        1.034408        2.299638        0.763763        1.040032        0.875595        2.205674
1.112055        2.342008        0.511534        2.369951        0.957427        2.413504        0.728011        0.996661        0.804156        2.327731
1.080895        2.303982        0.641613        2.360438        1.087811        2.508652        0.744983        1.091635        0.830662        2.031010
1.116542        2.400000        0.574456        2.527515        1.111306        2.438579        0.774597        1.137981        0.907377        2.251666
0.583095        2.134244        0.577350        2.354782        1.122497        2.367136        0.771362        0.986577        0.938971        2.127205
0.544671        2.262005        0.650641        2.244252        0.577350        2.359025        0.821584        0.978093        0.904618        1.967655
1.121755        2.406588        0.581664        2.304705        1.074709        2.432420        0.731437        1.027943        0.919239        2.040425
1.025508        2.357612        0.625833        2.422120        1.033602        2.349468        0.722265        0.990791        0.810350        1.928730
0.559762        2.472852        0.609645        2.418333        0.580230        2.400347        0.815475        1.028753        0.844591        2.268994
1.019804        2.351595        0.648074        2.447448        1.092398        2.417299        0.660808        0.809321        0.794775        2.242023
0.568624        2.237186        0.665833        2.259425        1.129159        2.362202        0.796869        1.043232        0.972111        2.032650
0.570088        2.306874        0.611010        2.392349        1.088577        2.367488        0.809321        0.998332        0.748331        2.227106
1.087811        2.466104        0.613732        2.289833        1.017349        2.376622        0.724569        0.931844        0.962635        2.179832
0.605530        2.307957        0.604152        2.325224        0.555278        2.461368        0.793725        0.987421        0.896289        2.049797
1.061446        2.147091        0.662067        2.224110        0.567157        2.305790        0.732575        1.027943        0.943398        2.108317
0.525991        2.420744        0.657013        2.379776        1.066146        2.296737        0.774597        1.042433        0.861201        2.090455
1.059088        2.213218        0.659545        2.265686        1.074709        2.536073        0.701189        0.854400        0.862168        1.997498
0.571548        2.360085        0.621825        2.215852        1.140906        2.319124        0.741620        1.010775        0.886002        1.985363
0.971253        2.573260        0.575905        2.247221        1.126943        2.571640        0.621825        0.925563        0.732575        2.399305
1.096966        2.323790        0.536967        2.444722        0.911958        2.297100        0.553775        0.872735        0.738241        2.248703
1.140175        2.323073        0.602771        2.415919        1.053565        2.358319        0.668331        0.911958        0.913783        1.951068
0.553775        2.263110        0.728011        2.249444        0.574456        2.267524        0.809321        1.118034        1.012423        2.155226
1.073934        2.260531        0.601387        2.301811        0.999166        2.455266        0.667083        0.973824        0.774597        2.042874
1.149638        2.360438        0.640312        2.342364        1.004158        2.389212        0.658281        0.961769        0.877496        2.045727
0.565685        2.521243        0.722265        2.496331        1.149638        2.332738        0.705927        1.066146        0.936305        2.054264
0.595819        2.218107        0.702377        2.319842        1.108302        2.406588        0.762671        1.090871        0.739369        2.070024
0.606905        2.229723        0.640312        2.191651        1.068488        2.175622        0.834666        1.043232        0.979796        2.069622
1.085511        2.338803        0.587367        2.180214        1.090107        2.582312        0.701189        0.956556        0.887881        1.991649
0.597216        2.340940        0.631137        2.318045        0.964365        2.339516        0.673300        1.045626        0.892562        2.137756
0.559762        2.191271        0.602771        2.330594        1.098484        2.290560        0.645497        1.007472        0.921050        2.063573
0.547723        2.454248        0.678233        2.354074        0.964365        2.215852        0.649359        1.004988        0.912871        2.155613
0.593015        2.217356        0.674537        2.279985        0.543139        2.111871        0.672062        1.070047        0.855375        2.030599
1.151086        2.381526        0.602771        2.195450        1.121755        2.385023        0.691616        0.963501        0.891628        2.305067
1.145280        2.234577        0.689202        2.391652        0.561249        2.434132        0.702377        0.983192        0.840635        1.921805
0.558271        2.386071        0.555278        2.341296        1.059874        2.435159        0.715309        0.993311        0.849510        1.936492
1.040032        2.405895        0.621825        2.352304        0.564210        2.325941        0.729155        1.014889        0.779957        2.002915
0.564210        2.159089        0.743864        2.331666        0.573004        2.321996        0.729155        1.060660        0.962635        1.952349
1.068488        2.418677        0.694022        2.547548        0.550757        2.469480        0.691616        0.980646        0.969536        2.154840
1.081665        2.295648        0.565685        2.306151        0.530723        2.342364        0.658281        0.886942        0.803119        2.149419
1.106797        2.378725        0.616441        2.456624        0.584523        2.404856        0.651920        0.944281        0.795822        2.099206
0.555278        2.444381        0.595819        2.286190        1.122497        2.425558        0.768115        1.104536        0.879394        2.228228
0.553775        2.275229        0.612372        2.315527        1.052774        2.448128        0.683130        0.924662        0.887881        2.122891
1.011599        2.129945        0.600000        2.289833        0.578792        2.354074        0.645497        1.016530        0.884119        2.139704
0.541603        2.221111        0.605530        2.185559        0.544671        2.488641        0.695222        0.995825        0.917424        2.156772
0.573004        2.423840        0.649359        2.425215        0.571548        2.425902        0.788458        1.051982        0.960902        2.147867
1.016530        2.208695        0.624500        2.137756        1.149638        2.485290        0.705927        0.900000        0.892562        2.012047
0.540062        2.426932        0.530723        2.221111        1.037626        2.475210        0.632456        0.930949        0.884119        2.226357
0.600000        2.210581        0.686780        2.295285        1.080895        2.320560        0.798958        1.077806        0.854400        2.360438
1.133578        2.473526        0.564210        2.336308        1.095445        2.422464        0.673300        0.919239        0.793725        2.123284
1.127682        2.347694        0.590198        2.273763        1.104536        2.450510        0.692820        1.031181        0.862168        2.122106
0.619139        2.500333        0.738241        2.382925        0.594418        2.442335        0.721110        1.112055        0.830662        2.081666
1.112055        2.428992        0.628490        2.286919        1.049603        2.416954        0.674537        1.023881        0.765942        2.268994
1.025508        2.428992        0.538516        2.501666        1.024695        2.337377        0.669577        0.840635        0.681909        2.039608
0.583095        2.340584        0.655744        2.432420        0.598610        2.452889        0.663325        0.959166        0.739369        2.209449
1.121755        2.291288        0.606905        2.355136        1.132843        2.247591        0.674537        0.978945        0.710634        2.081266
0.562731        2.422464        0.584523        2.270829        0.580230        2.428305        0.670820        0.895358        0.715309        2.043282
1.095445        2.174090        0.558271        2.398958        1.115049        2.469818        0.697615        0.890693        0.887881        2.264214
0.655744        2.417644        0.650641        2.475547        0.691616        2.376622        0.675771        1.042433        0.946044        1.952776
1.091635        2.425902        0.636396        2.344497        0.543139        2.369247        0.739369        0.999166        0.773520        2.016598
1.133578        2.472516        0.709460        2.473526        1.102270        2.277425        0.715309        0.964365        0.836660        1.931321
1.005816        2.271930        0.588784        2.341652        1.087811        2.549837        0.608276        0.906458        0.724569        2.216604
0.567157        2.383275        0.640312        2.282177        1.061446        2.306874        0.748331        0.943398        0.856349        2.146703
1.076259        2.270463        0.646787        2.395134        1.115796        2.288012        0.777817        1.148187        0.880341        2.166795
1.128421        2.311926        0.591608        2.223361        1.052774        2.291651        0.604152        0.941630        0.889757        1.937352
1.087811        2.295285        0.574456        2.451870        1.086278        2.409011        0.704746        1.012423        0.818535        2.057912
0.549242        2.341652        0.612372        2.271563        1.045626        2.225609        0.631137        0.886002        0.849510        2.065995
0.968676        2.373816        0.540062        2.311205        0.966954        2.439262        0.604152        0.894427        0.718795        2.352304
1.136515        2.342719        0.608276        2.287284        1.099242        2.356905        0.696419        1.029563        0.850490        2.098809
1.034408        2.302897        0.606905        2.342364        1.004158        2.400347        0.675771        1.048014        0.759386        2.216604
1.026320        2.267157        0.595819        2.321278        0.987421        2.536402        0.705927        1.058300        0.925563        2.049797
1.106797        2.452550        0.587367        2.305067        0.967815        2.237186        0.732575        1.062230        0.837655        1.942936
1.117288        2.378375        0.665833        2.396873        1.023067        2.379076        0.785281        1.097725        0.880341        2.017837
1.121755        2.298913        0.606905        2.163331        1.123981        2.395134        0.854400        1.069268        0.891628        2.091252
0.588784        2.410394        0.558271        2.245366        1.112804        2.435843        0.695222        1.060660        0.739369        2.167948
0.645497        2.229723        0.613732        2.364318        0.562731        2.588758        0.724569        1.133578        0.854400        2.188987
0.561249        2.172173        0.536967        2.271563        1.001665        2.541653        0.681909        0.991632        0.697615        2.065188
0.529150        2.492321        0.525991        2.520913        0.991632        2.499333        0.635085        0.894427        0.776745        2.132682
1.100757        2.277060        0.639010        2.470155        1.055936        2.352304        0.717635        1.048014        0.806226        2.231218
1.155422        2.341296        0.641613        2.306151        1.025508        2.464751        0.642910        0.992472        0.850490        2.163716
0.568624        2.203785        0.575905        2.360438        0.532291        2.373464        0.608276        0.983192        0.836660        2.124461
1.106044        2.291288        0.583095        2.224485        0.978093        2.386071        0.655744        0.910128        0.864099        2.169101
0.553775        2.295648        0.662067        2.270463        0.550757        2.443017        0.803119        0.590198        0.915605        2.142429
1.113553        2.307235        0.573004        2.365023        1.094684        2.457980        0.704746        1.047219        0.791623        2.088859
0.549242        2.269728        0.588784        2.312286        1.093923        2.394438        0.673300        0.956556        0.849510        1.979057
1.022252        2.534101        0.635085        2.361144        0.989107        2.497332        0.613732        1.004988        0.797914        2.006240
0.588784        2.406934        0.642910        2.192031        0.547723        2.482942        0.702377        1.153256        0.803119        2.269728
0.601387        2.363966        0.608276        2.415230        1.116542        2.416609        0.686780        0.574456        0.848528        2.137756
0.561249        2.469480        0.565685        2.456963        0.568624        2.328089        0.752773        1.128421        0.897218        1.928298
0.587367        2.177537        0.583095        2.184796        1.071603        2.407627        0.731437        0.999166        0.912871        2.076455
0.567157        2.284732        0.669577        2.271563        1.135048        2.255733        0.731437        1.009125        0.797914        2.103172
1.077806        2.287284        0.612372        2.275595        1.124722        2.361850        0.674537        0.992472        0.777817        2.279254
1.004158        2.359378        0.553775        2.243881        1.017349        2.305429        0.620484        0.922858        0.827647        2.079263
1.115796        2.282177        0.640312        2.312646        0.541603        2.595830        0.669577        1.023067        0.884119        2.242023
1.113553        2.342364        0.606905        2.178302        1.123981        2.449490        0.696419        1.058300        0.907377        2.145149
0.553775        2.385023        0.606905        2.404163        1.077806        2.406242        0.779957        1.134313        0.858293        2.281812
1.124722        2.314087        0.593015        2.406588        0.601387        2.345208        0.784219        1.025508        0.830662        2.062361
0.549242        2.178302        0.624500        2.361850        0.553775        2.438579        0.658281        1.105290        0.783156        2.079663
1.140175        2.354074        0.627163        2.409011        1.132107        2.343075        0.686780        0.974679        0.804156        2.091252
1.106044        2.313727        0.665833        2.209449        1.059874        2.309401        0.715309        0.580230        0.815475        2.047763
1.096966        2.366784        0.658281        2.291288        0.530723        2.314447        0.761577        1.103781        0.866025        2.018250
1.108302        2.242394        0.619139        2.327731        1.147461        2.392349        0.837655        1.094684        0.819553        2.272664
1.016530        2.315527        0.580230        2.432077        0.994987        2.286190        0.662067        0.898146        0.779957        2.005825
0.540062        2.425558        0.584523        2.335594        1.066927        2.360085        0.650641        0.562731        0.872735        1.962142
1.129897        2.451870        0.602771        2.436186        0.979796        2.351595        0.675771        0.917424        0.857321        2.109107
0.615088        2.400347        0.654472        2.360438        1.077033        2.382925        0.813429        1.130634        0.921050        2.180214
1.055146        2.226357        0.556776        2.238675        0.880341        2.531469        0.644205        0.888819        0.860233        2.077659
1.115796        2.471504        0.609645        2.440970        1.093923        2.480927        0.689202        0.989950        0.866025        2.209826
0.536967        2.298913        0.555278        2.193171        0.570088        2.352658        0.695222        0.923760        0.974679        1.934339
0.564210        2.206808        0.624500        2.333452        0.547723        2.359732        0.712975        0.916515        0.875595        2.239792
1.035213        2.245366        0.611010        2.354429        1.105290        2.288012        0.709460        0.921954        0.861201        1.989975
0.513160        2.195070        0.667083        2.395134        1.020621        2.237558        0.665833        0.989107        0.875595        2.168333
1.062230        2.405895        0.565685        2.434817        1.093161        2.241279        0.670820        0.875595        0.783156        2.103965
0.594418        2.261268        0.600000        2.345563        1.079352        2.378725        0.697615        0.943398        0.767029        2.035518
1.145280        2.507323        0.594418        2.417988        1.123981        2.544602        0.724569        1.055146        0.861201        2.151356
1.087045        2.482942        0.568624        2.427276        1.033602        2.485625        0.687992        1.005816        0.888819        2.118962
0.594418        2.362202        0.583095        2.384673        0.967815        2.392001        0.709460        1.054356        0.908295        2.206808
0.594418        2.273397        0.584523        2.251296        1.058300        2.312646        0.786342        0.986577        0.849510        2.080465
0.575905        2.156772        0.568624        2.294196        0.946044        2.421088        0.697615        1.035213        0.732575        2.248333
0.570088        2.381526        0.684349        2.410740        1.059874        2.674883        0.702377        0.946044        0.840635        2.330594
0.616441        2.249815        0.705927        2.303258        1.115796        2.503997        0.787401        1.140175        0.952190        2.156772
1.148913        2.300000        1.111306        2.353012        0.967815        2.387467        0.632456        0.874643        0.750555        2.110687
0.546199        2.449490        0.642910        2.201893        0.995825        2.436186        0.701189        0.994150        0.801041        2.292742
0.559762        2.423152        0.606905        2.349823        0.903696        2.456963        0.742743        1.043232        0.814453        2.190890
0.601387        2.268627        0.627163        2.139315        1.035213        2.470155        0.678233        1.060660        0.804156        2.233831
0.565685        2.313007        0.550757        2.381176        0.961769        2.430363        0.715309        0.987421        0.743864        2.257580
1.094684        2.305067        0.621825        2.455266        1.012423        2.251296        0.731437        0.966092        0.883176        2.230471
1.088577        2.438920        0.625833        2.297462        0.935414        2.627419        0.704746        0.965229        0.801041        2.161789
1.119524        2.295648        0.675771        2.227854        1.007472        2.379076        0.760482        0.984039        0.914695        2.135416
1.136515        2.448128        0.611010        2.414194        1.025508        2.391652        0.767029        0.974679        0.772442        2.117782
0.617792        2.225983        0.632456        2.236813        1.082435        2.558320        0.751665        1.059874        0.775672        2.159861
1.011599        2.302173        0.530723        2.215476        0.764853        2.407627        0.609645        0.878446        0.702377        2.023611
0.540062        2.423152        0.600000        2.309762        1.063015        2.504995        0.715309        1.146734        0.867948        2.095630
0.556776        2.130728        0.585947        2.245366        0.974679        2.439604        0.725718        1.056725        0.821584        1.922238
0.568624        2.379776        0.608276        2.211334        1.153256        2.484955        0.789515        0.989950        0.825631        2.109107
0.578792        2.245737        0.571548        2.285826        1.040032        2.428648        0.726865        1.030372        0.864099        2.065995
0.581664        2.449830        0.578792        2.404856        0.972111        2.411777        0.742743        0.914695        0.809321        1.979478
0.559762        2.391652        0.606905        2.196588        1.087811        2.421088        0.680686        0.945163        0.825631        2.018663
0.570088        2.249444        0.559762        2.274130        0.955685        2.370302        0.648074        0.972968        0.753879        2.077258
0.960035        2.319483        0.571548        2.464413        0.914695        2.285461        0.771362        0.878446        0.702377        2.112660
1.151086        2.387816        0.583095        2.379426        0.984886        2.288741        0.686780        1.012423        0.811377        2.207185
1.138713        2.456624        0.617792        2.393742        0.973824        2.574879        0.731437        1.009125        0.772442        2.142429
1.132843        2.454248        0.600000        2.261268        1.004158        2.426932        0.796869        1.066927        0.884119        2.113843
1.110555        2.252036        0.533854        2.230097        1.094684        2.462384        0.741620        1.023881        0.819553        2.057912
1.074709        2.183270        0.522813        2.297825        0.912871        2.496664        0.704746        0.837655        0.715309        2.131119
1.084743        2.430021        0.663325        2.194311        0.550757        2.279985        0.762671        0.946925        0.912871        2.184796
0.564210        2.362555        0.609645        2.494661        1.076259        2.346629        0.792675        1.012423        1.057513        2.041650
1.017349        2.297462        0.590198        2.301087        0.944281        2.296737        0.616441        0.827647        0.802081        2.078060
0.549242        2.159475        0.601387        2.328447        1.009125        2.240536        0.784219        1.000833        0.782091        1.957464
1.153256        2.371005        0.616441        2.422120        0.571548        2.380126        0.886002        0.972968        0.738241        2.138535
0.590198        2.275229        0.580230        2.027313        0.985732        2.230097        0.691616        0.862168        0.804156        1.993740
1.109805        2.273397        0.605530        2.264950        0.978093        2.222236        0.741620        1.037626        0.874643        1.889444
1.071603        2.341652        0.611010        2.512635        1.070047        2.397916        0.787401        0.991632        0.822598        2.260900
0.580230        2.407627        0.623164        2.358319        0.546199        2.278888        0.834666        1.041633        0.954812        2.214724
1.018986        2.323073        0.613732        2.196968        1.076259        2.375921        0.740495        1.004988        0.879394        2.135806
1.123239        2.465765        0.577350        2.348049        1.059874        2.264582        0.758288        1.043232        0.818535        2.077659
0.558271        2.397568        0.600000        2.390607        1.017349        2.388514        0.695222        0.994150        0.947804        2.146315
0.573004        2.190129        0.606905        2.197726        1.083205        2.367136        0.694022        0.970395        0.870823        2.103965
1.175443        2.254994        0.681909        2.231591        0.564210        2.388863        0.835663        1.100000        0.900000        2.280716
0.575905        2.193931        0.615088        2.431392        1.004988        2.473190        0.662067        0.920145        0.803119        2.298188
0.577350        2.386769        0.677003        2.350177        0.573004        2.233085        0.765942        0.966092        0.824621        2.210581
0.581664        2.303982        0.619139        2.309762        1.026320        2.325582        0.751665        1.001665        0.763763        2.001250
0.605530        2.233085        0.553775        2.437553        0.578792        2.413849        0.838650        0.571548        0.974679        1.976951
1.151086        2.331309        0.613732        2.441311        1.086278        2.414884        0.738241        1.020621        0.782091        2.094437
1.135048        2.455606        0.591608        2.538044        1.106044        2.538372        0.735980        1.063798        0.837655        1.986202
1.120268        2.294196        0.565685        2.284002        1.121755        2.465765        0.761577        1.068488        0.875595        2.185177
0.521217        2.327015        0.568624        2.227854        1.123981        2.260531        0.778888        1.055936        0.954812        2.014531
0.577350        2.363613        0.629815        2.411777        1.115796        2.423496        0.816497        1.083205        0.883176        2.024846
0.540062        2.340940        0.535413        2.295648        0.908295        2.422120        0.642910        0.935414        0.829659        2.088460
0.604152        2.293469        0.654472        2.326657        0.573004        2.306151        0.846562        0.632456        0.989107        2.086464
0.581664        2.485290        0.619139        2.517936        1.141636        2.510644        0.811377        1.036822        0.817517        2.318764
0.549242        2.303620        0.623164        2.374868        1.118779        2.253146        0.758288        0.948683        0.783156        2.154066
1.112804        2.364671        0.593015        2.293106        0.971253        2.417988        0.731437        1.023881        0.850490        2.217732
0.570088        2.353720        0.536967        2.369599        1.086278        2.415575        0.791623        1.011599        0.787401        2.057507
1.044829        2.159475        0.570088        2.278888        1.123981        2.369247        0.729155        0.915605        0.853424        2.059126
0.573004        2.293832        0.619139        2.473526        0.546199        2.363613        0.814453        1.014889        0.860233        2.211711
0.533854        2.272297        0.577350        2.348404        1.015710        2.292379        0.711805        1.055936        0.853424        2.203028
0.594418        2.179832        0.632456        2.314807        1.104536        2.268259        0.810350        0.991632        0.888819        2.042058
1.143824        2.346629        0.578792        2.538044        0.946044        2.553429        0.764853        0.988265        0.895358        2.149806
1.164760        2.477566        0.660808        2.395482        1.105290        2.423496        0.808290        1.097725        0.822598        2.136586
1.023067        2.252406        0.598610        2.271563        1.023881        2.277425        0.698808        0.856349        0.709460        2.079663
1.125463        2.432420        0.633772        2.414884        0.991632        2.294922        0.709460        0.994150        0.785281        2.350532
1.030372        2.315527        0.612372        2.458319        0.991632        2.242766        0.764853        0.954812        0.735980        2.257211
0.543139        2.309040        0.585947        2.456624        1.116542        2.453569        0.794775        1.017349        0.846562        2.036337
0.553775        2.321996        0.701189        2.272297        0.562731        2.334167        0.843603        0.613732        0.901850        1.970195
0.585947        2.299275        0.624500        2.308318        1.104536        2.424871        0.795822        0.985732        0.744983        2.235695
0.508265        2.245737        0.606905        2.431735        0.571548        2.439262        0.741620        1.017349        0.806226        2.140483
1.087811        2.403470        0.629815        2.443699        1.096206        2.317686        0.804156        1.008299        0.864099        2.152905
1.107550        2.195450        0.578792        2.383275        1.004158        2.388514        0.594418        0.994150        0.712975        2.015771
1.148187        2.292379        0.598610        2.233458        1.048809        2.343786        0.791623        0.992472        0.853424        2.068413
0.564210        2.380826        0.657013        2.392349        0.544671        2.591010        0.694022        1.026320        0.886942        1.991649
0.961769        2.288376        0.594418        2.275229        1.066927        2.469480        0.639010        0.952190        0.636396        2.111477
0.556776        2.322355        0.653197        2.307957        1.083974        2.263846        0.785281        1.021437        0.819553        2.025669
1.101514        2.424871        0.628490        2.405203        0.573004        2.365728        0.680686        0.951315        0.818535        1.929594
0.581664        2.263478        0.619139        2.292379        1.040032        2.543619        0.716473        1.027132        0.789515        2.087263
0.590198        2.160247        0.571548        2.338447        0.536967        2.483948        0.848528        1.077806        0.875595        2.163716
0.558271        2.428992        0.697615        2.342364        1.125463        2.321637        0.803119        1.109054        0.851469        2.092048
1.070047        2.243881        0.617792        2.359732        1.130634        2.371357        0.678233        0.905538        0.621825        2.022375
1.026320        2.433790        0.629815        2.437212        0.584523        2.464413        0.793725        1.144552        0.812404        2.258687
0.570088        2.180214        0.540062        2.200379        0.577350        2.230844        0.672062        1.042433        0.915605        2.120142
1.059088        2.365023        0.612372        2.309762        0.952190        2.522565        0.695222        1.082435        0.832666        2.265686
0.960902        2.361144        0.529150        2.366432        1.023067        2.213218        0.702377        0.960035        0.759386        1.909625
0.957427        2.258687        0.646787        2.349823        0.562731        2.381176        0.698808        0.870823        0.759386        2.121713
0.558271        2.272297        0.559762        2.282177        0.549242        2.467117        0.765942        0.916515        0.839643        2.120534
0.992472        2.283638        0.521217        2.353366        1.113553        2.378024        0.612372        0.893495        0.782091        2.203785
1.039230        2.479247        0.570088        2.300000        1.014068        2.318045        0.625833        0.946925        0.742743        2.098015
0.922858        2.260531        0.577350        2.193931        1.145280        2.442335        0.627163        1.018986        0.790569        2.037564
0.943398        2.398611        0.565685        2.460014        1.040833        2.385023        0.667083        0.946925        0.668331        2.181742
1.027943        2.404163        1.121755        2.337734        0.904618        2.422120        0.659545        0.948683        0.747217        2.134244
1.059088        2.363966        0.722265        2.331309        0.606905        2.340228        0.838650        1.151086        0.767029        2.161789
1.042433        2.339516        0.587367        2.325582        1.001665        2.428992        0.667083        0.898146        0.782091        2.038790
0.581664        2.293469        0.674537        2.457302        0.558271        2.511971        0.794775        0.564210        0.952190        2.164486
1.031988        2.136976        0.570088        2.397916        1.055146        2.467455        0.627163        0.964365        0.709460        1.862794
0.568624        2.282542        0.611010        2.309401        1.098484        2.257949        0.758288        0.527573        0.916515        2.286190
1.102270        2.177919        0.581664        2.399653        1.106797        2.300725        0.641613        0.960902        0.731437        2.087263
0.544671        2.233085        0.646787        2.264950        0.598610        2.379076        0.765942        1.137981        0.870823        2.047763
0.606905        2.457302        0.651920        2.489980        0.568624        2.373816        0.646787        1.029563        0.737112        2.102380
1.118779        2.323431        0.645497        2.261636        1.030372        2.450510        0.707107        0.928260        0.905538        2.082867
0.935414        2.223361        0.570088        2.409357        0.995825        2.503997        0.578792        0.930949        0.724569        1.977793
1.086278        2.482606        0.650641        2.415575        0.558271        2.267892        0.697615        1.000000        0.869866        2.251666
1.098484        2.231591        0.583095        2.325941        1.115049        2.228602        0.635085        0.933631        0.690410        1.968502
0.561249        2.344852        0.751665        2.314087        0.593015        2.442335        0.725718        1.004988        0.777817        2.205297
1.145280        2.298913        0.612372        2.476893        1.016530        2.703393        0.670820        0.904618        0.808290        2.143595
1.126203        2.389909        0.567157        2.338803        1.108302        2.198105        0.645497        0.942514        0.819553        2.016598
1.000833        2.224110        0.574456        2.333809        0.547723        2.407973        0.627163        1.020621        0.829659        2.125245
1.112804        2.189749        0.608276        2.372411        0.553775        2.591332        0.744983        0.963501        0.914695        2.006656
1.082435        2.210581        0.556776        2.246108        1.153979        2.328447        0.728011        1.063015        0.800000        2.110687
1.087045        2.195070        0.623164        2.455945        0.564210        2.306151        0.796869        1.022252        0.752773        2.237558
0.977241        2.283638        0.637704        2.404510        1.118034        2.278157        0.632456        0.995825        0.779957        2.192791
0.546199        2.270095        0.594418        2.235695        0.559762        2.387467        0.632456        0.973824        0.831665        2.090853
0.598610        2.284367        0.683130        2.285097        0.532291        2.516280        0.776745        0.561249        0.998332        2.193171
1.129159        2.483277        0.645497        2.340940        1.115049        2.480591        0.606905        0.958297        0.774597        2.305429
1.082435        2.367488        0.683130        2.267157        1.100000        2.396178        0.750555        1.004158        0.792675        2.079663
1.109805        2.215852        0.624500        2.389212        1.040032        2.315887        0.697615        0.954812        0.771362        1.976529
0.930054        2.539029        0.538516        2.372762        1.018986        2.391304        0.645497        0.860233        0.820569        2.074448
0.535413        2.363261        0.623164        2.447788        0.558271        2.360085        0.752773        1.148187        0.810350        2.257211
1.009125        2.190129        0.568624        2.243138        0.567157        2.332023        0.719954        0.994150        0.835663        1.976107
1.111306        2.289469        0.621825        2.396873        0.556776        2.390258        0.719954        1.044031        0.751665        2.123284
1.122497        2.475210        0.627163        2.418677        1.048014        2.481599        0.704746        1.111306        0.863134        2.048984
0.806226        2.473190        0.565685        2.262742        1.126943        2.252776        0.667083        0.964365        0.732575        1.967655
0.996661        2.395830        0.561249        2.289469        1.057513        2.492990        0.664580        1.004988        0.842615        2.298188
1.113553        2.306874        0.604152        2.273763        1.077806        2.220736        0.701189        0.960902        0.740495        2.084866
1.105290        2.323431        0.565685        2.304705        1.093923        2.508319        0.675771        1.011599        0.772442        2.043689
0.594418        2.312646        0.575905        2.350177        0.588784        2.334881        0.687992        1.048014        0.887881        2.172556
0.562731        2.440970        0.692820        2.444722        0.540062        2.430363        0.782091        1.132107        0.809321        2.305429
1.024695        2.369951        0.552268        2.330594        0.827647        2.490649        0.658281        0.941630        0.683130        2.172556
0.949561        2.271196        0.612372        2.433790        1.069268        2.295285        0.802081        0.941630        0.758288        2.087662
0.994150        2.263110        0.585947        2.369247        1.087045        2.575850        0.705927        0.916515        0.856349        2.024022
1.069268        2.400000        0.567157        2.427962        1.100000        2.513961        0.635085        0.960902        0.804156        2.149031
1.048809        2.312646        0.625833        2.420744        1.095445        2.353366        0.664580        1.070047        0.809321        2.075251
1.052774        2.300000        0.637704        2.220360        1.074709        2.324149        0.623164        0.939858        0.802081        2.073644
1.086278        2.389212        0.571548        2.369599        0.979796        2.213594        0.681909        0.936305        0.796869        1.956613
1.000833        2.398611        0.624500        2.283638        1.104536        2.307957        0.697615        1.118034        0.869866        2.138535
1.027132        2.359025        0.575905        2.379776        1.089342        2.334167        0.743864        0.984886        0.853424        2.173707
1.115049        2.324866        0.687992        2.292379        0.616441        2.342364        0.704746        0.536967        0.829659        1.945508
0.567157        2.406242        0.604152        2.388514        1.080123        2.365728        0.762671        1.109805        0.770281        2.232711
1.028753        2.239419        0.588784        2.414539        1.054356        2.307957        0.612372        0.989107        0.878446        2.052640
0.568624        2.387118        0.641613        2.487636        1.083974        2.485290        0.633772        1.012423        0.767029        2.246479
1.068488        2.455606        0.570088        2.509980        1.044829        2.383974        0.660808        0.995825        0.825631        2.094437
1.059088        2.166026        0.584523        2.361144        1.073934        2.467117        0.756086        0.977241        0.869866        2.102380
1.123981        2.125637        0.612372        2.153679        1.063015        2.467793        0.725718        1.027132        0.900000        2.191271
1.004988        2.503664        0.658281        2.369951        0.986577        2.439262        0.657013        0.863134        0.834666        2.259056
0.558271        2.364671        0.632456        2.320560        0.567157        2.435501        0.680686        1.023881        0.911043        2.148643
1.076259        2.296374        0.562731        2.365728        1.124722        2.393045        0.731437        1.022252        0.823610        2.100794
1.144552        2.321996        0.575905        2.401389        0.998332        2.350886        0.723418        1.014889        0.793725        2.131510
0.616441        2.322714        0.640312        2.265686        0.587367        2.174090        0.795822        0.540062        0.834666        1.949786
1.120268        2.387816        0.598610        2.331666        1.016530        2.493659        0.660808        0.978945        0.751665        2.093641
1.112055        2.215476        0.608276        2.471504        1.113553        2.520582        0.787401        1.116542        0.888819        2.136976
1.077033        2.194311        0.591608        2.174856        1.036822        2.335951        0.690410        1.031181        0.900000        2.025257
0.957427        2.422120        0.631137        2.374868        1.115049        2.285461        0.642910        0.992472        0.777817        2.069219
1.086278        2.439262        0.584523        2.507323        1.075484        2.420055        0.692820        0.892562        0.798958        2.010804
1.076259        2.284367        0.708284        2.405549        1.131371        2.412122        0.679461        1.014889        0.881287        1.940361
1.058300        2.267892        0.570088        2.326657        1.016530        2.416609        0.615088        1.009951        0.807259        2.037155
0.991632        2.318045        0.533854        2.380476        0.953065        2.438920        0.715309        0.983192        0.795822        2.154840
0.552268        2.207563        0.524404        2.105152        1.132107        2.285097        0.689202        1.013246        0.881287        2.115420
0.585947        2.382925        0.570088        2.275595        0.541603        2.553103        0.659545        0.982344        0.838650        2.104757
1.072381        2.259056        0.628490        2.273763        1.001665        2.485290        0.695222        1.092398        0.775672        2.161018
1.047219        2.403123        0.541603        2.421776        0.555278        2.413849        0.716473        0.993311        0.886942        1.965112
1.016530        2.223361        0.543139        2.389909        0.984886        2.293832        0.662067        1.014889        0.864099        2.162175
0.550757        2.220360        0.612372        2.252776        0.584523        2.431735        0.839643        1.139444        0.989107        2.231965
1.031988        2.564826        0.575905        2.523556        1.048809        2.235322        0.658281        0.843603        0.843603        2.159861
0.571548        2.540997        0.649359        2.547548        0.584523        2.352304        0.802081        1.012423        0.907377        2.230844
0.565685        2.282177        0.648074        2.352658        0.546199        2.412122        0.795822        1.004988        0.917424        2.196588
1.004988        2.287648        0.577350        2.277791        1.010775        2.360791        0.651920        0.866025        0.779957        2.026902
1.110555        2.270095        0.565685        2.277425        0.577350        2.567100        0.711805        0.950438        0.841625        2.133464
1.113553        2.286190        0.521217        2.321637        1.040833        2.265686        0.679461        0.910128        0.742743        1.982423
0.609645        2.329521        0.529150        2.493659        1.072381        2.545912        0.742743        0.953065        0.848528        2.165256
1.057513        2.152905        1.096206        2.160633        0.845577        2.367488        0.567157        0.894427        0.716473        2.076455
0.949561        2.447107        0.556776        2.441653        1.087045        2.479919        0.655744        0.851469        0.796869        1.993322
1.058300        2.410394        0.587367        2.433447        1.135782        2.252036        0.770281        0.941630        0.803119        2.068010
0.570088        2.229350        0.635085        2.394090        0.597216        2.338803        0.809321        1.143095        0.939858        1.883260
0.574456        2.328447        0.641613        2.310123        0.577350        2.398263        0.742743        1.108302        0.893495        2.065188
0.573004        2.103569        0.588784        2.211334        0.616441        2.442676        0.748331        1.073934        0.961769        2.091650
1.018168        2.195450        0.553775        2.256103        1.019804        2.522234        0.659545        0.878446        0.829659        2.072036
1.040032        2.238675        0.581664        2.351241        1.131371        2.298550        0.853424        1.103781        0.940744        2.073242
1.090871        2.124461        0.575905        2.248333        1.112055        2.347694        0.709460        0.962635        0.687992        2.223361
1.038428        2.386769        0.585947        2.360085        1.122497        2.294922        0.613732        0.912871        0.749444        2.089258
0.604152        2.352658        0.601387        2.302535        0.574456        2.472852        0.678233        1.078579        0.887881        2.086065
0.532291        2.474537        0.593015        2.374868        1.134313        2.511640        0.743864        1.052774        0.904618        2.236068
1.088577        2.260900        0.547723        2.325941        1.044031        2.298913        0.663325        1.053565        0.772442        2.093243
1.024695        2.198105        0.558271        2.282542        1.041633        2.340584        0.633772        1.045626        0.759386        2.069219
0.945163        2.182124        0.558271        2.443017        1.058300        2.377674        0.605530        0.839643        0.678233        2.134244
0.966092        2.297825        0.561249        2.346984        1.112804        2.464413        0.580230        0.982344        0.783156        2.175239
1.040032        2.237931        0.611010        2.322355        0.562731        2.259425        0.654472        0.902773        0.867948        2.009561
1.081665        2.419711        0.628490        2.421088        1.128421        2.391304        0.705927        0.972111        0.886002        2.018250
0.999166        2.271196        0.555278        2.240164        0.940744        2.353012        0.665833        0.963501        0.853424        1.984104
1.023067        2.276694        0.624500        2.368544        0.993311        2.315887        0.806226        0.918332        0.800000        1.984943
0.989950        2.310123        0.571548        2.324507        0.989107        2.294922        0.640312        0.953065        0.916515        2.141261
0.575905        2.298188        0.724569        2.199621        1.093161        2.303620        0.750555        1.066927        0.980646        2.038790
0.998332        2.369247        0.624500        2.295648        0.555278        2.382226        0.650641        1.031988        0.833667        2.051828
0.994987        2.331309        0.597216        2.469143        1.033602        2.290924        0.742743        0.983192        0.789515        2.138146
0.985732        2.235695        0.631137        2.462045        1.118779        2.372411        0.738241        1.118034        0.843603        2.177919
0.975534        2.500667        0.583095        2.415575        0.992472        2.282907        0.651920        0.966092        0.719954        2.062765
1.055936        2.327015        0.625833        2.358319        1.064581        2.325582        0.644205        0.954812        0.749444        2.029778
1.014889        2.222611        0.615088        2.326299        0.555278        2.282542        0.747217        1.113553        0.820569        2.262005
0.587367        2.331666        0.636396        2.364671        1.109054        2.309762        0.723418        1.090871        0.878446        2.094835
1.046422        2.428648        0.532291        2.293832        1.041633        2.433105        0.658281        0.982344        0.839643        2.226732
1.073157        2.267524        0.562731        2.296737        1.009951        2.317326        0.751665        1.040032        0.794775        1.986202
1.102270        2.186702        0.604152        2.229350        1.125463        2.439945        0.637704        1.011599        0.818535        1.885913
0.973824        2.227106        0.577350        2.382576        1.118034        2.623611        0.692820        0.990791        0.832666        2.036746
0.558271        2.371357        0.601387        2.279985        0.549242        2.231965        0.640312        1.030372        0.775672        1.959592
0.529150        2.384673        0.636396        2.410740        1.131371        2.333095        0.685565        1.091635        0.938971        2.140483
1.055146        2.456624        0.605530        2.330951        1.096206        2.435159        0.673300        0.970395        0.809321        2.199621
0.999166        2.316247        0.627163        2.298188        0.985732        2.357258        0.679461        0.970395        0.814453        2.018663
1.072381        2.241651        0.570088        2.382576        1.121755        2.525206        0.665833        1.080895        0.808290        1.962991
1.027943        2.306513        0.577350        2.375921        0.890693        2.270829        0.609645        0.921954        0.765942        2.142817
1.037626        2.277060        0.577350        2.370654        1.003328        2.295285        0.717635        1.073934        0.834666        1.987461
1.096206        2.303982        0.621825        2.309762        1.023067        2.298188        0.748331        0.944281        0.899074        2.150969

